1,256,NaiveX,.1748994274016124,.172048332611373,54266e-9,0
1,256,NaiveZ,.18084203131187762,.1725879946634455,22629e-9,0
1,256,FullInfo,.179095870376881,.17589013245481694,2214e-8,0
1,256,MLE,.134211267927483,.12691095228560978,609575e-9,1.9888619445588354
1,256,MM,.1795202340540633,.1735125263034637,34711e-9,2.120676261941696
1,256,EmpBayesX,.17566134644117165,.17228522971217475,154349e-9,.6628559698822889
1,256,Rescaled,.1801767397033634,.17310996795781244,154349e-9,.33142798494114445
1,256,Rescaled_0.125,.17841812980406996,.17272579142092098,154349e-9,5.302847759058311
1,256,Rescaled_0.25,.17872338603687166,.17342582985853558,154349e-9,2.6514238795291556
1,256,Rescaled_1.0,.17971779584445985,.17319824423547941,154349e-9,.6628559698822889
1,256,Rescaled_2.0,.1801767397033634,.17310996795781244,154349e-9,.33142798494114445
1,256,Rescaled_4.0,.18008253419678477,.17298636745675153,154349e-9,.16571399247057222
1,256,Rescaled_8.0,.18052456701969102,.17286511152263542,154349e-9,.08285699623528611
1,256,ExactStein,.17841812980406996,.17272579142092098,.01033651,5
1,256,ImpulseStein,.1795412829981221,.1734995085063554,.010659735,1.52
1,256,OracleX,.1755675562566021,.17242003623149563,155677e-9,.6815548814427078
1,256,OracleZ,.17911665829238693,.17421833847379212,144013e-9,2.5254227213950955
1,256,Ridge,.17971779584445985,.17319824423547941,478343e-9,2.5254227213950955
1,512,NaiveX,.16972965537075713,.16757315871912867,36806e-9,0
1,512,NaiveZ,.1748414169195007,.16915936031908257,3513e-8,0
1,512,FullInfo,.17191523545022094,.17179030796033268,3534e-8,0
1,512,MLE,.12930311580276543,.12293345448892665,.001081213,1.9817971177291518
1,512,MM,.1739669058749745,.17001213317334066,52032e-9,2.143135231447577
1,512,EmpBayesX,.16990302666374438,.1686788045119561,42247e-8,.8043603061167874
1,512,Rescaled,.17445055341006377,.16968656721397912,42247e-8,.4021801530583937
1,512,Rescaled_0.125,.16922317697216965,.1672894282295952,42247e-8,6.4348824489342995
1,512,Rescaled_0.25,.17335543374093268,.16980657133561614,42247e-8,3.2174412244671498
1,512,Rescaled_1.0,.17395553855600376,.17011245245532924,42247e-8,.8043603061167874
1,512,Rescaled_2.0,.17445055341006377,.16968656721397912,42247e-8,.4021801530583937
1,512,Rescaled_4.0,.17481621759652663,.16949249226952845,42247e-8,.20109007652919686
1,512,Rescaled_8.0,.174589036050437,.16949340679852343,42247e-8,.10054503826459843
1,512,ExactStein,.17343723940983855,.16935048488529164,.020754944,4.13
1,512,ImpulseStein,.17394867870985697,.17006073163725394,.015574327,1.78
1,512,OracleX,.16990302666374438,.1686788045119561,404661e-9,.8043603061167874
1,512,OracleZ,.17375137044800304,.17037861313444086,440908e-9,2.564664795305747
1,512,Ridge,.17445055341006377,.16968656721397912,694292e-9,2.564664795305747
1,1024,NaiveX,.1599560080313358,.1594655739954031,66908e-9,0
1,1024,NaiveZ,.164207672667888,.1604423938479227,69771e-9,0
1,1024,FullInfo,.16158274588000002,.16346466846694735,65162e-9,0
1,1024,MLE,.1261958658165961,.12107434824819024,.001936,2.2356118051558083
1,1024,MM,.16251797303456,.15991246583174273,91841e-9,2.4155053254863406
1,1024,EmpBayesX,.16036489462076542,.1602485680835319,.00296574,.9309696415466624
1,1024,Rescaled,.16415626161998212,.1606695479907172,.00296574,.4654848207733312
1,1024,Rescaled_0.125,.1552084903478136,.15461677703356758,.00296574,7.447757132373299
1,1024,Rescaled_0.25,.1611816939989989,.1589280737275281,.00296574,3.7238785661866496
1,1024,Rescaled_1.0,.16375976903078152,.16073490962281178,.00296574,.9309696415466624
1,1024,Rescaled_2.0,.16415626161998212,.1606695479907172,.00296574,.4654848207733312
1,1024,Rescaled_4.0,.16414435828067236,.16055844410609899,.00296574,.2327424103866656
1,1024,Rescaled_8.0,.1641668152883877,.16060523458851395,.00296574,.1163712051933328
1,1024,ExactStein,.16176277514509393,.15934911432176632,.044645621,3.35
1,1024,ImpulseStein,.1630281331120105,.16024043328906445,.034527366,1.77
1,1024,OracleX,.16036489462076542,.1602485680835319,.001461568,.9309696415466624
1,1024,OracleZ,.16355666406508618,.16086353521228458,.001600134,1.1635707283582566
1,1024,Ridge,.16414435828067234,.16055844410609899,.001171099,1.1635707283582566
1,2048,NaiveX,.16150346659033465,.16215320682801782,137937e-9,0
1,2048,NaiveZ,.1663804779180808,.16323265592885652,139892e-9,0
1,2048,FullInfo,.16479960345493647,.1656985293267002,140241e-9,0
1,2048,MLE,.13274321385503024,.12879910250399224,.004900344,2.330888717323577
1,2048,MM,.1641723968773644,.16219841917927783,182705e-9,2.5335853261482835
1,2048,EmpBayesX,.16172803472576514,.16214980340489998,.005778109,.1997949339534525
1,2048,Rescaled,.16634636191066446,.16330036017881522,.005778109,.09989746697672625
1,2048,Rescaled_0.125,.16548906615331704,.16313571441114155,.005778109,1.59835947162762
1,2048,Rescaled_0.25,.16615073568239075,.163245810175886,.005778109,.79917973581381
1,2048,Rescaled_1.0,.16633866674298692,.16333341838912024,.005778109,.1997949339534525
1,2048,Rescaled_2.0,.16634636191066446,.16330036017881522,.005778109,.09989746697672625
1,2048,Rescaled_4.0,.16634636191066446,.16330036017881522,.005778109,.04994873348836312
1,2048,Rescaled_8.0,.16642813026730957,.16326600612503328,.005778109,.02497436674418156
1,2048,ExactStein,.1636139053630159,.16162686516402863,.10053094,3.24
1,2048,ImpulseStein,.1649984101487209,.16258639549661735,.080008847,2.08
1,2048,OracleX,.16141503948925662,.16224429350092878,.005761626,.759409456343675
1,2048,OracleZ,.16631018484717286,.1634718666923497,.006786548,.40159726050175015
1,2048,Ridge,.16633866674298692,.16333341838912024,.002154185,.40159726050175015
1,4096,NaiveX,.1505399524713523,.15056712244631937,29019e-8,0
1,4096,NaiveZ,.156365525406304,.15240311338259876,283416e-9,0
1,4096,FullInfo,.15436870367287212,.15461349978698463,284952e-9,0
1,4096,MLE,.12576322157552888,.12086000422837515,.008544592,2.416982114748565
1,4096,MM,.15428246510945995,.1508551434934163,3652e-7,2.6306648045830876
1,4096,EmpBayesX,.15094690331412375,.150615764959384,.024067725,.34164773609776
1,4096,Rescaled,.15637838721023656,.15231461883847752,.024067725,.17082386804888
1,4096,Rescaled_0.125,.15419843321087245,.1508320776809482,.024067725,2.73318188878208
1,4096,Rescaled_0.25,.15586787953270848,.1523350768700107,.024067725,1.36659094439104
1,4096,Rescaled_1.0,.15633512645203027,.15237956682959505,.024067725,.34164773609776
1,4096,Rescaled_2.0,.15637838721023656,.15231461883847752,.024067725,.17082386804888
1,4096,Rescaled_4.0,.15634636117249562,.15219804018863337,.024067725,.08541193402444
1,4096,Rescaled_8.0,.1563171289486435,.15229678840772531,.024067725,.04270596701222
1,4096,ExactStein,.1518058186519602,.1488574954045709,.207792834,4.6
1,4096,ImpulseStein,.15419843321087245,.1508320776809482,.169294294,2.74
1,4096,OracleX,.15080151502300482,.1507361306397258,.023847795,1.0091037788560453
1,4096,OracleZ,.1562309651221293,.1524782850372375,.022884544,.5292358490230297
1,4096,Ridge,.15633509775807822,.15237360528463034,.005122858,.5292358490230297
1,8192,NaiveX,.1519270972978802,.15187852264185606,588483e-9,0
1,8192,NaiveZ,.15827766512712999,.15385912467418733,590857e-9,0
1,8192,FullInfo,.15590340201675615,.1560302927158474,587435e-9,0
1,8192,MLE,.12891199739948295,.12336371920940403,.017306461,2.412164920647646
1,8192,MM,.15561620196244658,.1518785368850691,756521e-9,2.5841143872149384
1,8192,EmpBayesX,.1520847221638286,.1519075454630205,.091963719,.13230159331909963
1,8192,Rescaled,.15824668929818198,.153929214755761,.091963719,.06615079665954982
1,8192,Rescaled_0.125,.1576203726230826,.1535618796802885,.091963719,1.058412746552797
1,8192,Rescaled_0.25,.15802756466153595,.15380976647525996,.091963719,.5292063732763985
1,8192,Rescaled_1.0,.15822875457341215,.15390695321713166,.091963719,.13230159331909963
1,8192,Rescaled_2.0,.15824668929818198,.153929214755761,.091963719,.06615079665954982
1,8192,Rescaled_4.0,.15824108235824916,.15391457266894654,.091963719,.03307539832977491
1,8192,Rescaled_8.0,.15827572260946593,.15387895581101102,.091963719,.016537699164887454
1,8192,ExactStein,.15299215503080402,.14981738671246067,.432981666,4.45
1,8192,ImpulseStein,.1541521271024241,.15069793264378592,.355048571,3.69
1,8192,OracleX,.15203815957440167,.1519247342076465,.09314306,.3007500058486381
1,8192,OracleZ,.1582592894911864,.15393948032216234,.089834399,.0465472149848331
1,8192,Ridge,.15811065626772008,.15382686463115136,.009193278,.0465472149848331
1,16384,NaiveX,.15475902793428792,.1550028758373635,.001281518,0
1,16384,NaiveZ,.1606336331243034,.1567675040699257,.001263009,0
1,16384,FullInfo,.1586748224087149,.1587274888717343,.001275721,0
1,16384,MLE,.13023569254123774,.1257682495046229,.03314807,2.373052199564762
1,16384,MM,.15806698612620057,.15476663199547785,.001590915,2.556953726702626
1,16384,EmpBayesX,.15491786550919173,.15503026043095203,.363150021,.13514859449608244
1,16384,Rescaled,.16065298261491512,.15678195827164743,.363150021,.06757429724804122
1,16384,Rescaled_0.125,.16010074581565553,.15644808886758027,.363150021,1.0811887559686595
1,16384,Rescaled_0.25,.16052648581918627,.1567270083397117,.363150021,.5405943779843297
1,16384,Rescaled_1.0,.16064258677585153,.15676528342919366,.363150021,.13514859449608244
1,16384,Rescaled_2.0,.16065298261491512,.15678195827164743,.363150021,.06757429724804122
1,16384,Rescaled_4.0,.16063019047964266,.15677793871062823,.363150021,.03378714862402061
1,16384,Rescaled_8.0,.16063391694901086,.156768193252761,.363150021,.016893574312010304
1,16384,ExactStein,.15649324280669358,.15327875168452212,.904747524,3.81
1,16384,ImpulseStein,.156168020667913,.1530497586399857,.748734179,3.97
1,16384,OracleX,.1548296355400881,.1550633194521427,.364867558,.3007500058486381
1,16384,OracleZ,.16065925519357266,.15679002394289293,.362673214,.09390127206443041
1,16384,Ridge,.16055480138012945,.15671662716122464,.018567933,.09390127206443041
1,32768,NaiveX,.15338834197032764,.15359941391734305,.00274581,0
1,32768,NaiveZ,.15920225487512774,.15536214259008085,.002721017,0
1,32768,FullInfo,.15718331201964514,.15728984309853702,.003479144,0
1,32768,MLE,.12827741255399067,.1237435259248167,.101546782,2.3773907167051043
1,32768,MM,.15666999603142656,.15349349318092975,.003372706,2.5686077407561516
1,32768,EmpBayesX,.15350121403504202,.1537121676281071,1.351561187,.1638071336363571
1,32768,Rescaled,.1592186981119398,.15537868711195746,1.351561187,.08190356681817855
1,32768,Rescaled_0.125,.15839062803116238,.1549151928519381,1.351561187,1.3104570690908568
1,32768,Rescaled_0.25,.1590325979225251,.1553419646763064,1.351561187,.6552285345454284
1,32768,Rescaled_1.0,.15922447591260228,.15536276883134936,1.351561187,.1638071336363571
1,32768,Rescaled_2.0,.1592186981119398,.15537868711195746,1.351561187,.08190356681817855
1,32768,Rescaled_4.0,.15919359726751092,.1553482091850744,1.351561187,.040951783409089275
1,32768,Rescaled_8.0,.15920198441906908,.15536490873458905,1.351561187,.020475891704544637
1,32768,ExactStein,.15440821740137414,.15153942680585647,1.890513661,4.24
1,32768,ImpulseStein,.15440821740137414,.15153942680585647,1.578827447,4.24
1,32768,OracleX,.15345535767712787,.1537501890536206,1.367403704,.322668627177147
1,32768,OracleZ,.15921930674243023,.15538666435667503,1.397651894,.12644433083113513
1,32768,Ridge,.1591553359285849,.15534865449531612,.036209143,.12644433083113513
1,65536,NaiveX,.15299819247313656,.15333536049824775,.006633944,0
1,65536,NaiveZ,.158781601224527,.15513286039228763,.006070884,0
1,65536,FullInfo,.15682509198694333,.15698831123524776,.00607668,0
1,65536,MLE,.1286459344504236,.12409957816366425,.128528705,2.393978723113952
1,65536,MM,.15617888969467925,.15310573269542568,.007420287,2.5830866799193566
1,65536,EmpBayesX,.1530898637772768,.15339814782812977,5.680428356,.20500066048396903
1,65536,Rescaled,.15878893429083063,.1551411719345252,5.680428356,.10250033024198452
1,65536,Rescaled_0.125,.15749042758119458,.15423071340847067,5.680428356,1.6400052838717523
1,65536,Rescaled_0.25,.15840145468619196,.1549243878096738,5.680428356,.8200026419358761
1,65536,Rescaled_1.0,.15877346999111722,.1551338270703853,5.680428356,.20500066048396903
1,65536,Rescaled_2.0,.15878893429083063,.1551411719345252,5.680428356,.10250033024198452
1,65536,Rescaled_4.0,.1587815977509079,.15514396817724108,5.680428356,.05125016512099226
1,65536,Rescaled_8.0,.15878008087450932,.155148998058882,5.680428356,.02562508256049613
1,65536,ExactStein,.15454595600388557,.15159446808372715,4.134086465,3.72
1,65536,ImpulseStein,.15517623921575754,.15217357388662167,3.483216616,3.26
1,65536,OracleX,.15307318460086372,.1534009225447196,5.588724865,.23809445476283272
1,65536,OracleZ,.15877742865049632,.1551533519074877,5.51895049,.13516267459944692
1,65536,Ridge,.15871861878636942,.15507263478611927,.072410745,.13516267459944692
1,131072,NaiveX,.15273427331327816,.15294508695094294,.013708447,0
1,131072,NaiveZ,.15870875910963153,.1548044716653006,.013237647,0
1,131072,FullInfo,.15664902858763208,.15675576285231624,.013133793,0
1,131072,MLE,.12807824946366803,.1233352991469996,.261636413,2.405412414825246
1,131072,MM,.15612475560485728,.15278344469210026,.016330149,2.6031952530283853
1,131072,EmpBayesX,.15284013629582943,.15303830480905556,22.955228805,.2775242385609317
1,131072,Rescaled,.1587010832031212,.15481841644167374,22.955228805,.13876211928046586
1,131072,Rescaled_0.125,.15666070657561193,.15323622707668152,22.955228805,2.220193908487454
1,131072,Rescaled_0.25,.158061612315551,.15442419181171993,22.955228805,1.110096954243727
1,131072,Rescaled_1.0,.1586717402178087,.15480038813746336,22.955228805,.2775242385609317
1,131072,Rescaled_2.0,.1587010832031212,.15481841644167374,22.955228805,.13876211928046586
1,131072,Rescaled_4.0,.15870057991119885,.15480701246002482,22.955228805,.06938105964023293
1,131072,Rescaled_8.0,.1587031571843014,.15481617879336596,22.955228805,.034690529820116466
1,131072,ExactStein,.15445492739946404,.15127686456798362,8.819089355,3.77
1,131072,ImpulseStein,.1530908633438188,.1500961850106311,7.540802081,4.66
1,131072,OracleX,.15282472903734928,.1530428749127023,22.579253759,.30335435122219073
1,131072,OracleZ,.158697686002349,.1548221742550943,22.851221444,.022998147600176436
1,131072,Ridge,.15862754643797036,.15476934991957622,.18174462,.022998147600176436
2,256,NaiveX,.1598772874770564,.16552080951775297,51962e-9,0
2,256,NaiveZ,.16843237808519573,.1743785866599614,21022e-9,0
2,256,FullInfo,.1686509769603052,.17589013245481694,19555e-9,0
2,256,MLE,.12503286053901325,.12795811067402463,581987e-9,2.0025145525477885
2,256,MM,.16779503680735758,.17284793491404726,30032e-9,2.1537441058581805
2,256,EmpBayesX,.16311849198033762,.16797992290431085,150718e-9,4.861778107334892
2,256,Rescaled,.16779503680735758,.17284793491404726,150718e-9,2.430889053667446
2,256,Rescaled_0.125,.14167633120170675,.14345639577064023,150718e-9,38.89422485867914
2,256,Rescaled_0.25,.1444421075231683,.14966271920666985,150718e-9,19.44711242933957
2,256,Rescaled_1.0,.16723542654140963,.17144843541891097,150718e-9,4.861778107334892
2,256,Rescaled_2.0,.16779503680735758,.17284793491404726,150718e-9,2.430889053667446
2,256,Rescaled_4.0,.16779503680735758,.17284793491404726,150718e-9,1.215444526833723
2,256,Rescaled_8.0,.1681380415557408,.17310591639253767,150718e-9,.6077222634168615
2,256,ExactStein,.16723542654140963,.17144843541891097,.009489405,5
2,256,ImpulseStein,.16723542654140966,.17144843541891097,.009037741,4.9
2,256,OracleX,.16311849198033762,.16797992290431085,152045e-9,4.861778107334892
2,256,OracleZ,.16943156700356046,.17453012432204595,135143e-9,.5101195721543065
2,256,Ridge,.16916610131189108,.1744424187849916,480229e-9,.5101195721543065
2,512,NaiveX,.16302320953749713,.1655379509184913,35829e-9,0
2,512,NaiveZ,.16901146451292248,.1705669165514523,34781e-9,0
2,512,FullInfo,.16765478699215847,.17179030796033268,38762e-9,0
2,512,MLE,.12326040586069664,.12442451666163015,.001032743,2.0126527532432603
2,512,MM,.16848955403927254,.16993977455136217,50634e-9,2.196892849690846
2,512,EmpBayesX,.16486110666170242,.166744881366353,450895e-9,1.027352002231662
2,512,Rescaled,.16995638895122828,.17064485869564058,450895e-9,.513676001115831
2,512,Rescaled_0.125,.16064300472030676,.16210059536715546,450895e-9,8.218816017853296
2,512,Rescaled_0.25,.1661624296009213,.16705779562048054,450895e-9,4.109408008926648
2,512,Rescaled_1.0,.16918249252676915,.16983132434009537,450895e-9,1.027352002231662
2,512,Rescaled_2.0,.16995638895122828,.17064485869564058,450895e-9,.513676001115831
2,512,Rescaled_4.0,.16982365610539357,.1706010059271134,450895e-9,.2568380005579155
2,512,Rescaled_8.0,.16905699909466498,.17070703224156558,450895e-9,.12841900027895775
2,512,ExactStein,.16826988735299875,.16916090702986517,.018803718,3.47
2,512,ImpulseStein,.16967259336164414,.17043468159397882,.015404053,.64
2,512,OracleX,.16466814322554094,.16683420596561316,467099e-9,.5525140697968517
2,512,OracleZ,.1695488806804104,.17075116741711227,400679e-9,.1675558973617651
2,512,Ridge,.16995638895122828,.17064485869564058,691149e-9,.1675558973617651
2,1024,NaiveX,.15717694638528135,.15834440403692868,66838e-9,0
2,1024,NaiveZ,.16264556957720305,.1617889303789831,70889e-9,0
2,1024,FullInfo,.16097958671089174,.16346466846694735,6579e-8,0
2,1024,MLE,.12399926128192194,.12271639587698727,.001972388,2.2697306741582515
2,1024,MM,.1608798842170784,.16026832382156286,93797e-9,2.4681344180979443
2,1024,EmpBayesX,.15813705512030085,.1590796128765024,.002766623,.446457434501981
2,1024,Rescaled,.16291554596453847,.1622528897670215,.002766623,.2232287172509905
2,1024,Rescaled_0.125,.15970732393161444,.1595488028767681,.002766623,3.571659476015848
2,1024,Rescaled_0.25,.16168987179489347,.16060635644601828,.002766623,1.785829738007924
2,1024,Rescaled_1.0,.16299661860042075,.16182701286802006,.002766623,.446457434501981
2,1024,Rescaled_2.0,.16291554596453847,.1622528897670215,.002766623,.2232287172509905
2,1024,Rescaled_4.0,.16266284784785828,.16225716643920196,.002766623,.11161435862549525
2,1024,Rescaled_8.0,.16266284784785828,.16225716643920196,.002766623,.055807179312747625
2,1024,ExactStein,.15970732393161444,.1595488028767681,.044655888,3.6
2,1024,ImpulseStein,.16269901377655832,.16148913142593393,.034486997,.86
2,1024,OracleX,.15795665468299896,.15914230673389046,.001415613,.39092692559432957
2,1024,OracleZ,.16266284784785828,.16225716643920196,.001528336,.03475532587967334
2,1024,Ridge,.16299661860042075,.16182701286802006,.00118346,.03475532587967334
2,2048,NaiveX,.1609112510149796,.16081761321319632,133537e-9,0
2,2048,NaiveZ,.1661533372667201,.16367862262234545,1364e-7,0
2,2048,FullInfo,.16442144897138455,.1656985293267002,138146e-9,0
2,2048,MLE,.13308853238510412,.12961345374791636,.004784407,2.341973738735892
2,2048,MM,.16477984825883052,.16215429340072113,178933e-9,2.5438877903396375
2,2048,EmpBayesX,.16166693773971455,.1611420988034803,.005652255,1.060892015689712
2,2048,Rescaled,.16643168799888763,.1636318340050057,.005652255,.530446007844856
2,2048,Rescaled_0.125,.1564861424160724,.15397313634294232,.005652255,8.487136125517695
2,2048,Rescaled_0.25,.1621968568608737,.15998977346785093,.005652255,4.243568062758848
2,2048,Rescaled_1.0,.16580443172566534,.16327929353514326,.005652255,1.060892015689712
2,2048,Rescaled_2.0,.16643168799888763,.1636318340050057,.005652255,.530446007844856
2,2048,Rescaled_4.0,.1662861114949601,.16370491084336009,.005652255,.265223003922428
2,2048,Rescaled_8.0,.16625001515130222,.16378991843716645,.005652255,.132611501961214
2,2048,ExactStein,.16292008303043656,.16075566243038902,.10061042,3.97
2,2048,ImpulseStein,.16508765375325554,.16245659929932182,.080242257,1.76
2,2048,OracleX,.16151157104353053,.16125340904887905,.005680541,.5751932683935418
2,2048,OracleZ,.16635090888329881,.16398752422452673,.00673724,.36935546546956366
2,2048,Ridge,.16643168799888766,.1636318340050057,.002124292,.36935546546956366
2,4096,NaiveX,.14878920237088508,.1497695947523296,282648e-9,0
2,4096,NaiveZ,.15504080029268985,.1525702465049797,277479e-9,0
2,4096,FullInfo,.1535986314658449,.15461349978698463,280204e-9,0
2,4096,MLE,.12403489381517832,.12135455584462093,.008306364,2.4243855123335982
2,4096,MM,.1534271108699604,.1509864898250305,382031e-9,2.6346706898558923
2,4096,EmpBayesX,.14935629010148804,.1502079977410889,.021562938,.5786216616261687
2,4096,Rescaled,.15499602809541765,.152899674062798,.021562938,.28931083081308434
2,4096,Rescaled_0.125,.15066462145984943,.14847136181131845,.021562938,4.6289732930093495
2,4096,Rescaled_0.25,.15364487656876183,.15119962885553728,.021562938,2.3144866465046747
2,4096,Rescaled_1.0,.15510014819606238,.15286265461046356,.021562938,.5786216616261687
2,4096,Rescaled_2.0,.15499602809541765,.152899674062798,.021562938,.28931083081308434
2,4096,Rescaled_4.0,.15505689464410644,.15265407743056714,.021562938,.14465541540654217
2,4096,Rescaled_8.0,.1550705534343333,.15259053220954283,.021562938,.07232770770327109
2,4096,ExactStein,.1534271108699604,.1509864898250305,.207807013,2.63
2,4096,ImpulseStein,.15417467657928643,.15194722008501643,.16896157,1.76
2,4096,OracleX,.14931581970456756,.1502119266316304,.022367509,.7027157753470031
2,4096,OracleZ,.15505246400003408,.15302457148255597,.022001471,.38487888301474066
2,4096,Ridge,.155082805898806,.1529713730974253,.004923112,.38487888301474066
2,8192,NaiveX,.15094660707880334,.1513456195132334,600565e-9,0
2,8192,NaiveZ,.1574787412819799,.15414157523424776,600705e-9,0
2,8192,FullInfo,.1556529868054347,.1560302927158474,586108e-9,0
2,8192,MLE,.12867896969891143,.12416461032594131,.015660232,2.4202646533424943
2,8192,MM,.15526540534336186,.151982787728081,.001453187,2.589738878981505
2,8192,EmpBayesX,.15121329607812095,.15162591137806686,.085617173,.7445856884991964
2,8192,Rescaled,.15734431413178934,.15427453288459894,.085617173,.3722928442495982
2,8192,Rescaled_0.125,.15086392899143103,.14801369126659525,.085617173,5.956685507993571
2,8192,Rescaled_0.25,.15483665450029138,.15159373420034747,.085617173,2.9783427539967855
2,8192,Rescaled_1.0,.15724410054266366,.15413126969978938,.085617173,.7445856884991964
2,8192,Rescaled_2.0,.15734431413178934,.15427453288459894,.085617173,.3722928442495982
2,8192,Rescaled_4.0,.15741408516599026,.15419111165480165,.085617173,.1861464221247991
2,8192,Rescaled_8.0,.1574838987056608,.15419180728935852,.085617173,.09307321106239955
2,8192,ExactStein,.15237740397627808,.14944205911530123,.433872492,4.9
2,8192,ImpulseStein,.15446422591576897,.1512468351356505,.356236502,3.35
2,8192,OracleX,.15121329607812095,.15162591137806686,.085950176,.7445856884991964
2,8192,OracleZ,.15729596910420213,.1543091025645313,.092662901,.5542361771446328
2,8192,Ridge,.15735056087931834,.15428753357085573,.009655069,.5542361771446328
2,16384,NaiveX,.15459000876398388,.15457854483321098,.001260566,0
2,16384,NaiveZ,.16066349183261294,.1568008775454477,.001244222,0
2,16384,FullInfo,.15865727501831306,.1587274888717343,.001259029,0
2,16384,MLE,.13107443389389561,.12590570280040625,.031718908,2.376737769576104
2,16384,MM,.1581846465829355,.15484051100164253,.001580718,2.5591054620499976
2,16384,EmpBayesX,.15469558767420527,.1547101743220764,.351191866,.28980329320589476
2,16384,Rescaled,.16060142579941966,.15684645984911005,.351191866,.14490164660294738
2,16384,Rescaled_0.125,.15849716668979008,.15518942394967708,.351191866,2.318426345647158
2,16384,Rescaled_0.25,.159950168305936,.15653426094556322,.351191866,1.159213172823579
2,16384,Rescaled_1.0,.1605154132494176,.15687418873598963,.351191866,.28980329320589476
2,16384,Rescaled_2.0,.16060142579941966,.15684645984911005,.351191866,.14490164660294738
2,16384,Rescaled_4.0,.1606588025003409,.15686304812840396,.351191866,.07245082330147369
2,16384,Rescaled_8.0,.1606675537064762,.15681588338059083,.351191866,.036225411650736845
2,16384,ExactStein,.15791390283782594,.15457678783366113,.901318178,2.77
2,16384,ImpulseStein,.15676559824419625,.153549030188971,.744392845,3.57
2,16384,OracleX,.15458891769467437,.15474154542278054,.35163033,.659365563461946
2,16384,OracleZ,.16049236649766654,.1569426560171094,.366755018,.5054023361385003
2,16384,Ridge,.16052812847488096,.15692872611203781,.018607883,.5054023361385003
2,32768,NaiveX,.15354442824261477,.15341528332283896,.00272416,0
2,32768,NaiveZ,.15945620374523184,.15542888381554698,.002690356,0
2,32768,FullInfo,.1575133103149973,.15728984309853702,.002676388,0
2,32768,MLE,.12904745621406344,.12376079700488923,.062802609,2.3717374069828727
2,32768,MM,.15703396740027503,.15347575962070625,.004025303,2.559258388194027
2,32768,EmpBayesX,.15366448270584881,.15360397007509413,1.409598315,.5630940595803167
2,32768,Rescaled,.15934560385055122,.15546237726422185,1.409598315,.28154702979015833
2,32768,Rescaled_0.125,.15440478348370407,.15109384124427594,1.409598315,4.504752476642533
2,32768,Rescaled_0.25,.1574460072591359,.15391058917577147,1.409598315,2.2523762383212667
2,32768,Rescaled_1.0,.15922038052592408,.15540454579993057,1.409598315,.5630940595803167
2,32768,Rescaled_2.0,.15934560385055122,.15546237726422185,1.409598315,.28154702979015833
2,32768,Rescaled_4.0,.15939755809567555,.1554436489621076,1.409598315,.14077351489507917
2,32768,Rescaled_8.0,.1594413401729165,.15547082064967593,1.409598315,.07038675744753958
2,32768,ExactStein,.15437193463928525,.15106116696479935,1.899320786,4.54
2,32768,ImpulseStein,.15590303758104956,.15245919318740403,1.586167068,3.37
2,32768,OracleX,.15365147661830741,.15361041242725793,1.432142802,.5166396691871931
2,32768,OracleZ,.15933758447780746,.15548543661318992,1.416816622,.3749600173621856
2,32768,Ridge,.159323882432565,.1554808702053397,.036881227,.3749600173621856
2,65536,NaiveX,.15324874497497237,.15317759651232637,.005990287,0
2,65536,NaiveZ,.15908936376593505,.15508333332237956,.005989728,0
2,65536,FullInfo,.15719405945620984,.15698831123524776,.006658249,0
2,65536,MLE,.12905383127098316,.12408709100873117,.16119068,2.387088734866735
2,65536,MM,.15651492093316835,.15293816528418364,.00726063,2.5722308847016935
2,65536,EmpBayesX,.1533932525638647,.15329991054661088,5.53972862,.288047316331213
2,65536,Rescaled,.15904950366887755,.15512285701319017,5.53972862,.1440236581656065
2,65536,Rescaled_0.125,.15695692282779836,.15331226776470105,5.53972862,2.304378530649704
2,65536,Rescaled_0.25,.15834789649801112,.15463185978420313,5.53972862,1.152189265324852
2,65536,Rescaled_1.0,.1590097954562033,.15512951015187698,5.53972862,.288047316331213
2,65536,Rescaled_2.0,.15904950366887755,.15512285701319017,5.53972862,.1440236581656065
2,65536,Rescaled_4.0,.1590872332447678,.1551210470761139,5.53972862,.07201182908280325
2,65536,Rescaled_8.0,.15909472595724444,.1551016183229468,5.53972862,.036005914541401625
2,65536,ExactStein,.15583976836549168,.1523231029369707,4.07169529,3.08
2,65536,ImpulseStein,.1563160855942033,.15275900626635464,3.447364082,2.69
2,65536,OracleX,.1533827691755849,.15330548860975307,5.550008768,.2717615934178378
2,65536,OracleZ,.1590297925612087,.15513765977173782,5.476979649,.2578098648071099
2,65536,Ridge,.15897304171771098,.15510872405165443,.072176567,.2578098648071099
2,131072,NaiveX,.1528856510978564,.15288632606393113,.013036365,0
2,131072,NaiveZ,.1589043605137757,.15483146300577594,.013219279,0
2,131072,FullInfo,.1568450872231768,.15675576285231624,.013012549,0
2,131072,MLE,.1285111288059565,.12339382855138008,.290113219,2.4017459630541182
2,131072,MM,.15631982021908034,.1527595870976383,.015776029,2.5987522662409104
2,131072,EmpBayesX,.15307606773701316,.15301655724580754,22.924071141,.2954797996222404
2,131072,Rescaled,.15888551968976755,.15486648209842435,22.924071141,.1477398998111202
2,131072,Rescaled_0.125,.15668838115668093,.15306345346789746,22.924071141,2.3638383969779233
2,131072,Rescaled_0.25,.15818646373782735,.15438462078958531,22.924071141,1.1819191984889617
2,131072,Rescaled_1.0,.1588667056145813,.15485600175347303,22.924071141,.2954797996222404
2,131072,Rescaled_2.0,.15888551968976755,.15486648209842435,22.924071141,.1477398998111202
2,131072,Rescaled_4.0,.15890527329670576,.15486707108632763,22.924071141,.0738699499055601
2,131072,Rescaled_8.0,.15891888119888364,.1548501521375486,22.924071141,.03693497495278005
2,131072,ExactStein,.15484400609816587,.15137959567347728,8.742734394,3.72
2,131072,ImpulseStein,.15601397050755994,.15247396892991485,7.482933969,2.83
2,131072,OracleX,.15305588653390828,.15302737786444748,23.010243971,.6054717891628666
2,131072,OracleZ,.15888986565256602,.15487987426073668,22.844509487,.0962179165090521
2,131072,Ridge,.15882496141333996,.154839139889613,.142749717,.0962179165090521
3,256,NaiveX,.16889347525389103,.17102723480046025,48679e-9,0
3,256,NaiveZ,.1771853024693827,.17345034480412233,21162e-9,0
3,256,FullInfo,.17551570567024752,.17589013245481694,19416e-9,0
3,256,MLE,.13415376826516273,.13196410592625676,599797e-9,2.0274090213561453
3,256,MM,.17462262951468702,.17178187590267505,30172e-9,2.182171917915691
3,256,EmpBayesX,.17083385265702664,.17306255048689806,159727e-9,.7002047434069137
3,256,Rescaled,.17606288814650933,.17408768048763246,159727e-9,.35010237170345687
3,256,Rescaled_0.125,.17049916746844063,.16833340184790618,159727e-9,5.60163794725531
3,256,Rescaled_0.25,.17462262951468704,.17178187590267507,159727e-9,2.800818973627655
3,256,Rescaled_1.0,.17603748711566314,.1741093679015054,159727e-9,.7002047434069137
3,256,Rescaled_2.0,.17606288814650933,.17408768048763246,159727e-9,.35010237170345687
3,256,Rescaled_4.0,.1771296707086267,.17345575234875654,159727e-9,.17505118585172844
3,256,Rescaled_8.0,.1771296707086267,.17345575234875654,159727e-9,.08752559292586422
3,256,ExactStein,.17190958738241885,.16915479877029815,.009344763,5
3,256,ImpulseStein,.17462262951468702,.17178187590267505,.008670935,2.21
3,256,OracleX,.17083385265702664,.17306255048689806,155118e-9,.7002047434069137
3,256,OracleZ,.1757865499370667,.17418477223797338,134096e-9,.9931411209398701
3,256,Ridge,.17606288814650933,.17408768048763246,465841e-9,.9931411209398701
3,512,NaiveX,.16608898426059507,.16914598556180052,3513e-8,0
3,512,NaiveZ,.1716238414122761,.1700907478215065,33524e-9,0
3,512,FullInfo,.17070917041337363,.17179030796033268,38273e-9,0
3,512,MLE,.1255281301733025,.12260727436632365,.001004457,2.0403461134994965
3,512,MM,.17027900486834077,.16930720832940716,48959e-9,2.246224833492699
3,512,EmpBayesX,.16709257514612452,.16992739730013467,372953e-9,.8594641137663942
3,512,Rescaled,.17114074480889327,.1706960006958657,372953e-9,.4297320568831971
3,512,Rescaled_0.125,.16424095445912645,.16368557118985044,372953e-9,6.875712910131154
3,512,Rescaled_0.25,.1680049283720414,.16726779435469236,372953e-9,3.437856455065577
3,512,Rescaled_1.0,.17114074480889327,.1706960006958657,372953e-9,.8594641137663942
3,512,Rescaled_2.0,.17114074480889327,.1706960006958657,372953e-9,.4297320568831971
3,512,Rescaled_4.0,.17115388063248638,.17069319126952454,372953e-9,.21486602844159855
3,512,Rescaled_8.0,.1716238414122761,.1700907478215065,372953e-9,.10743301422079927
3,512,ExactStein,.1700244559617762,.16919970645088683,.020244125,2.7
3,512,ImpulseStein,.1700244559617762,.16919970645088683,.013860771,2.7
3,512,OracleX,.16709257514612452,.16992739730013467,379168e-9,.8594641137663942
3,512,OracleZ,.17100624383723345,.17073641701272646,364362e-9,.9931411209398701
3,512,Ridge,.17114074480889327,.1706960006958657,683607e-9,.9931411209398701
3,1024,NaiveX,.159485062950635,.15953587411742298,66279e-9,0
3,1024,NaiveZ,.16466680655448068,.16140694632911926,65023e-9,0
3,1024,FullInfo,.16314739949592033,.16346466846694735,64603e-9,0
3,1024,MLE,.12735409051875904,.12406021869272368,.001932718,2.2803600890185582
3,1024,MM,.16369652708808746,.16024364252781712,91352e-9,2.489642186013543
3,1024,EmpBayesX,.16053358794518274,.15976318953475374,.002679112,.9537238645355346
3,1024,Rescaled,.16442449908946638,.1612546484900691,.002679112,.4768619322677673
3,1024,Rescaled_0.125,.1562305255940601,.15391459120149176,.002679112,7.629790916284277
3,1024,Rescaled_0.25,.16057376165235132,.15685819329923592,.002679112,3.8148954581421384
3,1024,Rescaled_1.0,.16443352228178426,.1612971102123375,.002679112,.9537238645355346
3,1024,Rescaled_2.0,.16442449908946638,.1612546484900691,.002679112,.4768619322677673
3,1024,Rescaled_4.0,.16472147323576397,.16110562385701085,.002679112,.23843096613388365
3,1024,Rescaled_8.0,.16468515323116062,.16128029975880542,.002679112,.11921548306694182
3,1024,ExactStein,.1634085981630849,.1595932799881732,.044472275,2.74
3,1024,ImpulseStein,.16282397233841417,.15925913191511323,.034539588,2.89
3,1024,OracleX,.1601939906601758,.16002613579577013,.001492787,.7344963170651567
3,1024,OracleZ,.16466680655448068,.16140694632911926,.001381321,0
3,1024,Ridge,.16455241999767764,.16123867693280114,.001152381,0
3,2048,NaiveX,.16277590534943193,.1617741557322736,134096e-9,0
3,2048,NaiveZ,.16735383842521678,.16323920803050626,134794e-9,0
3,2048,FullInfo,.16523719626368188,.1656985293267002,133746e-9,0
3,2048,MLE,.13316238667218688,.12907275519961747,.004745925,2.3362937600990765
3,2048,MM,.16609463477264236,.16175152749032695,179003e-9,2.5429808559900686
3,2048,EmpBayesX,.16321741195707065,.16161824744379696,.00530703,.9628975569867712
3,2048,Rescaled,.1674505991329941,.16340693380755628,.00530703,.4814487784933856
3,2048,Rescaled_0.125,.15849785836257743,.15519691700313806,.00530703,7.703180455894169
3,2048,Rescaled_0.25,.16389772153998589,.15935695614105255,.00530703,3.8515902279470846
3,2048,Rescaled_1.0,.16726827412677298,.16299297247803302,.00530703,.9628975569867712
3,2048,Rescaled_2.0,.1674505991329941,.16340693380755628,.00530703,.4814487784933856
3,2048,Rescaled_4.0,.16758352426221348,.16315011401580157,.00530703,.2407243892466928
3,2048,Rescaled_8.0,.16745945124955083,.1631800359695778,.00530703,.1203621946233464
3,2048,ExactStein,.1665808090833012,.16251096457335298,.100494343,2.33
3,2048,ImpulseStein,.1668045188488696,.16276368671624936,.080246028,2.05
3,2048,OracleX,.1627457042553006,.1618730850943605,.005345442,.5304562748369939
3,2048,OracleZ,.1674505991329941,.16340693380755628,.00680743,.4754285182612535
3,2048,Ridge,.16738781875057038,.16334814128329192,.002128483,.4754285182612535
3,4096,NaiveX,.15065793867858468,.15017423480759653,283556e-9,0
3,4096,NaiveZ,.15651668095296759,.1521364635969918,282647e-9,0
3,4096,FullInfo,.15425465787764836,.15461349978698463,280693e-9,0
3,4096,MLE,.12540715617790543,.12025583774712933,.008353157,2.418770244626795
3,4096,MM,.15420635347584316,.15083095905199723,370788e-9,2.633875866741814
3,4096,EmpBayesX,.15087369732458833,.1503537504384711,.022303953,.2907501574275074
3,4096,Rescaled,.15640020851188735,.15221841300679856,.022303953,.1453750787137537
3,4096,Rescaled_0.125,.15462127145108395,.15132530993335483,.022303953,2.3260012594200594
3,4096,Rescaled_0.25,.1558288996003856,.15214082086234693,.022303953,1.1630006297100297
3,4096,Rescaled_1.0,.15643510601024171,.15228580936599884,.022303953,.2907501574275074
3,4096,Rescaled_2.0,.15640020851188735,.15221841300679856,.022303953,.1453750787137537
3,4096,Rescaled_4.0,.15645322151953472,.15215476521941768,.022303953,.07268753935687686
3,4096,Rescaled_8.0,.15645667781112954,.15216152690629559,.022303953,.03634376967843843
3,4096,ExactStein,.15434829695995855,.1508710090384626,.208554733,2.61
3,4096,ImpulseStein,.15437224528014495,.15088218584963747,.169550751,2.53
3,4096,OracleX,.1507837411494899,.15037129612691813,.022369115,.20788576105761955
3,4096,OracleZ,.15638443352501252,.1523507165442881,.021522918,.5014424484259622
3,4096,Ridge,.15636513585493234,.15231094402815,.005036674,.5014424484259622
3,8192,NaiveX,.15201368336801507,.15198458673647686,683746e-9,0
3,8192,NaiveZ,.157852126489163,.15393453727522252,594629e-9,0
3,8192,FullInfo,.15559649557425267,.1560302927158474,598819e-9,0
3,8192,MLE,.128450281538518,.12351139797012965,.015791743,2.4227447092546024
3,8192,MM,.15554537062428558,.15231748507892384,.001514159,2.5931586877332276
3,8192,EmpBayesX,.15216101820044303,.15202331779993744,.091518202,.22994860929025157
3,8192,Rescaled,.1578937151749485,.1538305870071987,.091518202,.11497430464512579
3,8192,Rescaled_0.125,.1565288873314406,.1530068147827831,.091518202,1.8395888743220126
3,8192,Rescaled_0.25,.15744877956559056,.15361639423224288,.091518202,.9197944371610063
3,8192,Rescaled_1.0,.15784910506407407,.1539223614245685,.091518202,.22994860929025157
3,8192,Rescaled_2.0,.1578937151749485,.1538305870071987,.091518202,.11497430464512579
3,8192,Rescaled_4.0,.15789167317003036,.1539010599069227,.091518202,.05748715232256289
3,8192,Rescaled_8.0,.15790700608305694,.15389847343431667,.091518202,.028743576161281446
3,8192,ExactStein,.15583118341783753,.15263708539160475,.43162905,2.46
3,8192,ImpulseStein,.15646188978767214,.15299682160722766,.354262089,1.97
3,8192,OracleX,.15207325152808437,.15205573932726713,.092100119,.8844129571124768
3,8192,OracleZ,.157888383138465,.1539738366012048,.089570119,.2822968485415318
3,8192,Ridge,.15787729993512295,.15389704588227887,.008954351,.2822968485415318
3,16384,NaiveX,.15563789226600372,.15495585190066594,.00126287,0
3,16384,NaiveZ,.16090283650866125,.156741886746782,.001254279,0
3,16384,FullInfo,.15892009348774228,.1587274888717343,.001247575,0
3,16384,MLE,.13036731476131483,.12536274313083368,.031790286,2.372264828396451
3,16384,MM,.15849429331583276,.1549763378342765,.001586864,2.5535191545109783
3,16384,EmpBayesX,.15574187136946194,.15504668885054876,.368442733,.23713592174156278
3,16384,Rescaled,.16088771381893818,.15670317139812723,.368442733,.11856796087078139
3,16384,Rescaled_0.125,.1592686496770782,.1555398171353288,.368442733,1.8970873739325023
3,16384,Rescaled_0.25,.16048095166521542,.15643286998647266,.368442733,.9485436869662511
3,16384,Rescaled_1.0,.16090090581038707,.1567659095630904,.368442733,.23713592174156278
3,16384,Rescaled_2.0,.16088771381893818,.15670317139812723,.368442733,.11856796087078139
3,16384,Rescaled_4.0,.1609044255513103,.15671487919047913,.368442733,.059283980435390696
3,16384,Rescaled_8.0,.16089951145393544,.1567446942372327,.368442733,.029641990217695348
3,16384,ExactStein,.15832012958657635,.15479683371026492,.904758,2.7
3,16384,ImpulseStein,.1589769695550931,.1553508809918142,.750112078,2.2
3,16384,OracleX,.15574187136946194,.15504668885054876,.369016549,.23713592174156278
3,16384,OracleZ,.16090672653458118,.15680490923200816,.367912987,.28317798522950643
3,16384,Ridge,.16089491089031585,.15675475024891022,.018603903,.28317798522950643
3,32768,NaiveX,.15366713360332335,.1533612928211888,.002707746,0
3,32768,NaiveZ,.159282478948031,.15538797936665266,.002674851,0
3,32768,FullInfo,.1572642029377374,.15728984309853702,.00265781,0
3,32768,MLE,.12813509455605876,.12341588511820921,.063385156,2.3730461173730157
3,32768,MM,.1569034420163687,.15358966448087152,.003380318,2.5599573504859814
3,32768,EmpBayesX,.15393662728128854,.15361860010694683,1.450465244,.22393851678873217
3,32768,Rescaled,.15921960722621556,.1553743231328616,1.450465244,.11196925839436608
3,32768,Rescaled_0.125,.15791446209080887,.15434251045562958,1.450465244,1.7915081343098573
3,32768,Rescaled_0.25,.15886438706846018,.15517218955345052,1.450465244,.8957540671549287
3,32768,Rescaled_1.0,.1592011175630813,.155398658076746,1.450465244,.22393851678873217
3,32768,Rescaled_2.0,.15921960722621556,.1553743231328616,1.450465244,.11196925839436608
3,32768,Rescaled_4.0,.15926064684580854,.15535423598347686,1.450465244,.05598462919718304
3,32768,Rescaled_8.0,.15926800585066186,.15537465664626932,1.450465244,.02799231459859152
3,32768,ExactStein,.15627464114959794,.1531056847714109,1.894262881,2.99
3,32768,ImpulseStein,.15661121694670022,.1533650654870547,1.583002349,2.74
3,32768,OracleX,.15387907871494358,.15363783962252825,1.411929129,.4856155213768115
3,32768,OracleZ,.15921538515013928,.15542527233690567,1.391076198,.24570351950356958
3,32768,Ridge,.1591815155253845,.15536071368278398,.03589395,.24570351950356958
3,65536,NaiveX,.15324750815873162,.15305708913132204,.005981417,0
3,65536,NaiveZ,.15898264758781616,.1550600517745519,.005980998,0
3,65536,FullInfo,.1569590569142296,.15698831123524776,.005993709,0
3,65536,MLE,.12886543240325074,.12392354990776167,.125030983,2.388268543654941
3,65536,MM,.15653926269860116,.15312923224044434,.007352122,2.5726492380241908
3,65536,EmpBayesX,.1534002640597714,.1532248221382339,5.393313144,.25933767489588977
3,65536,Rescaled,.15893536579237527,.15505368465421931,5.393313144,.12966883744794488
3,65536,Rescaled_0.125,.15716500212800769,.1536872831940126,5.393313144,2.074701399167118
3,65536,Rescaled_0.25,.15842370514359755,.1546698642824309,5.393313144,1.037350699583559
3,65536,Rescaled_1.0,.15891880161028749,.15509273896765866,5.393313144,.25933767489588977
3,65536,Rescaled_2.0,.15893536579237527,.15505368465421931,5.393313144,.12966883744794488
3,65536,Rescaled_4.0,.1589638031469558,.1550594809477126,5.393313144,.06483441872397244
3,65536,Rescaled_8.0,.15896787688777103,.15506667509582295,5.393313144,.03241720936198622
3,65536,ExactStein,.1540131743645458,.150949627301379,4.084779705,4.38
3,65536,ImpulseStein,.1558096044095993,.15249845083212504,3.476503192,3.04
3,65536,OracleX,.15336751614636868,.15323509381357986,5.466655222,.3687521797500907
3,65536,OracleZ,.15892567280178924,.1551015160169935,5.55355028,.22248150393911312
3,65536,Ridge,.15887655485893748,.15504059383502206,.072457678,.22248150393911312
3,131072,NaiveX,.15295403036070995,.15285412341814364,.013155723,0
3,131072,NaiveZ,.15883774106745813,.1548331147632975,.013129254,0
3,131072,FullInfo,.15674978221736702,.15675576285231624,.013648524,0
3,131072,MLE,.12825890262620457,.12330839318743268,.256289853,2.4021916332552418
3,131072,MM,.1562998122053625,.15286950503584185,.015818981,2.5970934580642204
3,131072,EmpBayesX,.15313982070225524,.15297654922915585,22.691269679,.5678566429880013
3,131072,Rescaled,.15876175652095437,.1548688398780919,22.691269679,.28392832149400066
3,131072,Rescaled_0.125,.1535000009927836,.15039350281395886,22.691269679,4.5428531439040105
3,131072,Rescaled_0.25,.1567297502901021,.1532539754836728,22.691269679,2.2714265719520053
3,131072,Rescaled_1.0,.15864193062614326,.1547856357621158,22.691269679,.5678566429880013
3,131072,Rescaled_2.0,.15876175652095437,.1548688398780919,22.691269679,.28392832149400066
3,131072,Rescaled_4.0,.15880743435727024,.15484523881426737,22.691269679,.14196416074700033
3,131072,Rescaled_8.0,.15882554541105157,.15484049043622,22.691269679,.07098208037350016
3,131072,ExactStein,.1557788201536901,.15241279209629466,8.753657501,2.96
3,131072,ImpulseStein,.15313196364376305,.15008351974895753,7.486710077,4.79
3,131072,OracleX,.1531218636674996,.15298475639525932,22.624690403,.6070100751878833
3,131072,OracleZ,.15877882614680602,.15487290480237675,22.585111208,.2523545138646405
3,131072,Ridge,.15872084073345055,.15483035147755664,.143447083,.2523545138646405
4,256,NaiveX,.1706478805336308,.17295089903798588,50495e-9,0
4,256,NaiveZ,.17858682414505442,.17303838026342588,20883e-9,0
4,256,FullInfo,.17523712695906657,.17589013245481694,19346e-9,0
4,256,MLE,.12959094229994467,.1255928865318288,576959e-9,2.042664191875411
4,256,MM,.17646747813213437,.17313314127326193,29962e-9,2.200742665727876
4,256,EmpBayesX,.17500751355881367,.1755328414434134,14541e-8,1.4410627432650644
4,256,Rescaled,.1771694980471698,.17416849853382094,14541e-8,.7205313716325322
4,256,Rescaled_0.125,.16055714714315245,.15897951200759466,14541e-8,11.528501946120516
4,256,Rescaled_0.25,.17070192898615363,.167487184396165,14541e-8,5.764250973060258
4,256,Rescaled_1.0,.1771694980471698,.17416849853382096,14541e-8,1.4410627432650644
4,256,Rescaled_2.0,.1771694980471698,.17416849853382094,14541e-8,.7205313716325322
4,256,Rescaled_4.0,.17883876022700854,.17388343590835736,14541e-8,.3602656858162661
4,256,Rescaled_8.0,.17883876022700854,.17388343590835736,14541e-8,.18013284290813306
4,256,ExactStein,.17622594544140968,.1727213883207701,.009368789,3.71
4,256,ImpulseStein,.17646747813213437,.17313314127326193,.008737913,2.25
4,256,OracleX,.17500751355881367,.1755328414434134,142057e-9,1.4410627432650644
4,256,OracleZ,.1771694980471698,.17416849853382094,125645e-9,.7113348744957648
4,256,Ridge,.178873831386338,.17362279030838698,458299e-9,.7113348744957648
4,512,NaiveX,.16707491708205435,.16947214913332836,34781e-9,0
4,512,NaiveZ,.17287825949039182,.16953390088685508,33104e-9,0
4,512,FullInfo,.17043641019500294,.17179030796033268,33245e-9,0
4,512,MLE,.1266705262255013,.12018254236070638,.001026667,2.017739363676698
4,512,MM,.1710285132487985,.1696072432725687,49588e-9,2.195021000320173
4,512,EmpBayesX,.1695545540409415,.17007706532434946,412413e-9,1.18506922645487
4,512,Rescaled,.17218290979120449,.1703397497004331,412413e-9,.592534613227435
4,512,Rescaled_0.125,.16109701186033545,.15926844203952334,412413e-9,9.48055381163896
4,512,Rescaled_0.25,.16744369381655055,.16612504241306125,412413e-9,4.74027690581948
4,512,Rescaled_1.0,.17137112727970044,.1706317190483229,412413e-9,1.18506922645487
4,512,Rescaled_2.0,.17218290979120449,.1703397497004331,412413e-9,.592534613227435
4,512,Rescaled_4.0,.17239019438937406,.1698940873122515,412413e-9,.2962673066137175
4,512,Rescaled_8.0,.17282923876136044,.1694812836184164,412413e-9,.14813365330685874
4,512,ExactStein,.169089111382786,.16763274334958123,.018870416,4.23
4,512,ImpulseStein,.17102851324879853,.16960724327256874,.015392181,2.47
4,512,OracleX,.16931295060653662,.1701515361384623,423028e-9,.9320076472781456
4,512,OracleZ,.17137112727970044,.17063171904832286,37407e-8,.9464915389917058
4,512,Ridge,.1723157189720772,.16987969604368813,68612e-8,.9464915389917058
4,1024,NaiveX,.15752802369040053,.1601853311703471,66769e-9,0
4,1024,NaiveZ,.16272898149995213,.16139512538035236,69981e-9,0
4,1024,FullInfo,.1615744322628756,.16346466846694735,64812e-9,0
4,1024,MLE,.12167680848922338,.12051709725357684,.001937676,2.2704463830353663
4,1024,MM,.1599177773668797,.15999276124731063,90724e-9,2.4650999926618877
4,1024,EmpBayesX,.15779512495562786,.160110412985232,.002683302,1.1067637763199303
4,1024,Rescaled,.16236532425717903,.1615689426633135,.002683302,.5533818881599651
4,1024,Rescaled_0.125,.15124906183680997,.15130703158172093,.002683302,8.854110210559442
4,1024,Rescaled_0.25,.15705830022540335,.15709915226710297,.002683302,4.427055105279721
4,1024,Rescaled_1.0,.16196132609228336,.16136316942055615,.002683302,1.1067637763199303
4,1024,Rescaled_2.0,.16236532425717903,.1615689426633135,.002683302,.5533818881599651
4,1024,Rescaled_4.0,.16242053128832246,.1616969407885824,.002683302,.27669094407998257
4,1024,Rescaled_8.0,.16278432460989234,.16148586628732142,.002683302,.13834547203999129
4,1024,ExactStein,.15846223693753833,.15856497784548418,.044523329,3.85
4,1024,ImpulseStein,.15739484523292335,.15736164232791822,.034901296,4.4
4,1024,OracleX,.15752802369040053,.1601853311703471,.001448369,0
4,1024,OracleZ,.16242053128832246,.1616969407885824,.00135108,.22115288323103613
4,1024,Ridge,.16236532425717903,.1615689426633135,.001181295,.22115288323103613
4,2048,NaiveX,.16063528875653274,.16227975184559568,134304e-9,0
4,2048,NaiveZ,.16577029996427778,.16422958985944378,137518e-9,0
4,2048,FullInfo,.1645704904991092,.1656985293267002,139543e-9,0
4,2048,MLE,.13171353120670581,.1274147504448216,.004773722,2.330153857459592
4,2048,MM,.16359414288106067,.16212032916385097,185429e-9,2.528318357782489
4,2048,EmpBayesX,.16102833413744866,.162253035885353,.005818966,1.4318858324335557
4,2048,Rescaled,.1660649048164935,.16387797475953722,.005818966,.7159429162167779
4,2048,Rescaled_0.125,.15259707892678323,.15149051743719105,.005818966,11.455086659468446
4,2048,Rescaled_0.25,.1590323286238271,.1576930059404066,.005818966,5.727543329734223
4,2048,Rescaled_1.0,.1651932761768241,.16359050899850072,.005818966,1.4318858324335557
4,2048,Rescaled_2.0,.1660649048164935,.16387797475953722,.005818966,.7159429162167779
4,2048,Rescaled_4.0,.166050985359467,.164092206277566,.005818966,.35797145810838893
4,2048,Rescaled_8.0,.1658696585378173,.1641317718580021,.005818966,.17898572905419446
4,2048,ExactStein,.16444605507417617,.1629288323695715,.134349557,1.98
4,2048,ImpulseStein,.1620656268204349,.16068203291551547,.07992846,3.72
4,2048,OracleX,.1603083341341259,.16228740580827408,.005778389,.05417309757028425
4,2048,OracleZ,.16577029996427778,.16422958985944378,.006158325,0
4,2048,Ridge,.16611560763192287,.16402926673550206,.002121499,0
4,4096,NaiveX,.14971243253680605,.15113227104283403,283625e-9,0
4,4096,NaiveZ,.15473179427754313,.15289501396549002,284743e-9,0
4,4096,FullInfo,.15365093347786718,.15461349978698463,281461e-9,0
4,4096,MLE,.12432701392191214,.12000794066057974,.008213265,2.415401889371331
4,4096,MM,.15268788143364265,.15043556492076368,373302e-9,2.6269486730492404
4,4096,EmpBayesX,.15027466341661633,.1514399023828075,.023500823,.48717290455073714
4,4096,Rescaled,.15483275207165406,.15309329506394942,.023500823,.24358645227536857
4,4096,Rescaled_0.125,.15059821866914297,.14881808296257526,.023500823,3.897383236405897
4,4096,Rescaled_0.25,.1536226187889203,.1513440298803847,.023500823,1.9486916182029486
4,4096,Rescaled_1.0,.15488430701512335,.15299986979570213,.023500823,.48717290455073714
4,4096,Rescaled_2.0,.15483275207165406,.15309329506394942,.023500823,.24358645227536857
4,4096,Rescaled_4.0,.15476547671455654,.1529351113613563,.023500823,.12179322613768429
4,4096,Rescaled_8.0,.15472837909701623,.15291336504663255,.023500823,.06089661306884214
4,4096,ExactStein,.1526842522294039,.15043248833220937,.208217609,2.7
4,4096,ImpulseStein,.15004351417024253,.14820533338713196,.169631069,4.53
4,4096,OracleX,.15023881510219184,.151460775294613,.023487554,.5401275696094802
4,4096,OracleZ,.15483079701237856,.15312281671009131,.022261071,.23564828878618135
4,4096,Ridge,.15484985714667937,.15295431500190532,.004784826,.23564828878618135
4,8192,NaiveX,.15232231948224528,.15249101410364138,618445e-9,0
4,8192,NaiveZ,.1572556008820113,.15413685704859365,595257e-9,0
4,8192,FullInfo,.1557758503178347,.1560302927158474,587924e-9,0
4,8192,MLE,.12808677505731575,.12357605197964804,.016131591,2.4116975622650894
4,8192,MM,.15481340839682295,.15194712625658652,76148e-8,2.5801435409551696
4,8192,EmpBayesX,.15243739016958335,.15261540083721659,.089619916,.47914970270487656
4,8192,Rescaled,.15730724342034813,.15414416085615185,.089619916,.23957485135243828
4,8192,Rescaled_0.125,.15340589227606988,.15066315120371288,.089619916,3.8331976216390125
4,8192,Rescaled_0.25,.15595851813804495,.15316124816643023,.089619916,1.9165988108195062
4,8192,Rescaled_1.0,.15727660516406566,.15425243479684,.089619916,.47914970270487656
4,8192,Rescaled_2.0,.15730724342034813,.15414416085615185,.089619916,.23957485135243828
4,8192,Rescaled_4.0,.1572922350807718,.15419982739944352,.089619916,.11978742567621914
4,8192,Rescaled_8.0,.15720777206715988,.15418714713995035,.089619916,.05989371283810957
4,8192,ExactStein,.15439646947888494,.15153938097692427,.431822022,3.16
4,8192,ImpulseStein,.15419277048733881,.15137913265178587,.353729759,3.33
4,8192,OracleX,.15243739016958335,.15261540083721659,.090439923,.47914970270487656
4,8192,OracleZ,.15723330812561692,.15425680390175744,.088243414,.5177960459888731
4,8192,Ridge,.15731276320661036,.1542416244494051,.008846237,.5177960459888731
4,16384,NaiveX,.15521807963928386,.15510125069386715,.001265245,0
4,16384,NaiveZ,.16055513418181777,.15687335940603508,.001251975,0
4,16384,FullInfo,.15873455414771986,.1587274888717343,.001262661,0
4,16384,MLE,.13056255428951644,.1256803958733803,.031429905,2.3718557302552825
4,16384,MM,.15784748698125464,.1547592390464298,.001620039,2.5482073342199576
4,16384,EmpBayesX,.15532484835669197,.15518610115938808,.381324957,.09576473528073653
4,16384,Rescaled,.1605158735845894,.1568872553079272,.381324957,.04788236764036827
4,16384,Rescaled_0.125,.16023338421442762,.15689046206727147,.381324957,.7661178822458923
4,16384,Rescaled_0.25,.16047341231212248,.1569752221224736,.381324957,.38305894112294614
4,16384,Rescaled_1.0,.16053037749206597,.15690393445885065,.381324957,.09576473528073653
4,16384,Rescaled_2.0,.1605158735845894,.1568872553079272,.381324957,.04788236764036827
4,16384,Rescaled_4.0,.16053790241657753,.15688738538892294,.381324957,.023941183820184134
4,16384,Rescaled_8.0,.1605268786096612,.15687104598241852,.381324957,.011970591910092067
4,16384,ExactStein,.15721136568265778,.15419126859931814,.900095117,3.16
4,16384,ImpulseStein,.1566728861992842,.15364386402282135,.744325797,3.56
4,16384,OracleX,.1552983237475229,.1552715595880342,.383711015,.491240643394307
4,16384,OracleZ,.1604842063396517,.1570043081825334,.34105594,.4360601584357143
4,16384,Ridge,.16046297575300728,.15697195638941835,.01760615,.4360601584357143
4,32768,NaiveX,.15333753934531036,.15366509565968722,.002703068,0
4,32768,NaiveZ,.15852583892557606,.1553821149140629,.002650267,0
4,32768,FullInfo,.15686673840079393,.15728984309853702,.002677505,0
4,32768,MLE,.12773241037969518,.12360140474077155,.062129409,2.3752327718917847
4,32768,MM,.15612624573228828,.1534465142705499,.003399874,2.562764455876081
4,32768,EmpBayesX,.15356585031518089,.15385029488858323,1.427899247,.48343515243562163
4,32768,Rescaled,.15855508090282408,.15550806303276127,1.427899247,.24171757621781081
4,32768,Rescaled_0.125,.15436303100098758,.15173103239795319,1.427899247,3.867481219484973
4,32768,Rescaled_0.25,.15699806875207534,.15428139993564818,1.427899247,1.9337406097424865
4,32768,Rescaled_1.0,.1584467604806274,.15550413065983312,1.427899247,.48343515243562163
4,32768,Rescaled_2.0,.15855508090282408,.15550806303276127,1.427899247,.24171757621781081
4,32768,Rescaled_4.0,.1585771475054388,.15544477256546407,1.427899247,.12085878810890541
4,32768,Rescaled_8.0,.15853974209112015,.1554275101173379,1.427899247,.060429394054452704
4,32768,ExactStein,.15570749939715944,.152950316061224,1.897309148,2.93
4,32768,ImpulseStein,.1529785549309018,.1504547893580791,1.584314737,5
4,32768,OracleX,.1535063681685096,.15386216631682764,1.42344428,.3824152350000836
4,32768,OracleZ,.15853658532345538,.15551857569084093,1.340730201,.3150802425337177
4,32768,Ridge,.15849392439432233,.15549822201452201,.035583645,.3150802425337177
4,65536,NaiveX,.15330195587711481,.15323605922574157,.005948941,0
4,65536,NaiveZ,.15866845819784733,.15496675048154335,.006040433,0
4,65536,FullInfo,.1567953133881803,.15698831123524776,.006580655,0
4,65536,MLE,.12872169445394044,.12409687578206155,.156927916,2.388369795487533
4,65536,MM,.15606649910427725,.15298632055816078,.00731748,2.5734921599253737
4,65536,EmpBayesX,.1533901547460096,.15327390061521978,5.511950787,.10111528205134823
4,65536,Rescaled,.15867095313290186,.1550128411482481,5.511950787,.050557641025674116
4,65536,Rescaled_0.125,.15832786211900166,.154928721833815,5.511950787,.8089222564107859
4,65536,Rescaled_0.25,.15862767915422527,.15506386618255058,5.511950787,.40446112820539293
4,65536,Rescaled_1.0,.15869112132551894,.15502092478704627,5.511950787,.10111528205134823
4,65536,Rescaled_2.0,.15867095313290186,.1550128411482481,5.511950787,.050557641025674116
4,65536,Rescaled_4.0,.15866878323049116,.15500361029164264,5.511950787,.025278820512837058
4,65536,Rescaled_8.0,.15866579750617302,.15497866519239006,5.511950787,.012639410256418529
4,65536,ExactStein,.15531201769016334,.15229339040138054,4.06917842,3.14
4,65536,ImpulseStein,.15296821116244474,.15011088579308693,3.459810357,4.82
4,65536,OracleX,.15337052586257746,.1533276088973096,5.54128664,.2987916902914377
4,65536,OracleZ,.1586447165617325,.15509013003978472,5.455929696,.3512942518807459
4,65536,Ridge,.15862743013993658,.15506746396695853,.072361017,.3512942518807459
4,131072,NaiveX,.15281991595548983,.152815964296451,.013646568,0
4,131072,NaiveZ,.158716027014364,.15466262889255009,.013111095,0
4,131072,FullInfo,.15668505864352442,.15675576285231624,.013020231,0
4,131072,MLE,.12826132588783493,.12341975102733921,.287686374,2.403881890222214
4,131072,MM,.15605041160268313,.15271647243033903,.016249972,2.6008062950802477
4,131072,EmpBayesX,.1529215699864801,.15290472664036364,22.856138969,.3117119558925114
4,131072,Rescaled,.1587264693889185,.15471602851370092,22.856138969,.1558559779462557
4,131072,Rescaled_0.125,.15621491108857521,.15287921513472813,22.856138969,2.493695647140091
4,131072,Rescaled_0.25,.1578103663287733,.15420168594552408,22.856138969,1.2468478235700455
4,131072,Rescaled_1.0,.15868049093465136,.15472267161368364,22.856138969,.3117119558925114
4,131072,Rescaled_2.0,.1587264693889185,.15471602851370092,22.856138969,.1558559779462557
4,131072,Rescaled_4.0,.1587273289818676,.15469007455592784,22.856138969,.07792798897312785
4,131072,Rescaled_8.0,.15871440130792386,.15469023650381314,22.856138969,.03896399448656392
4,131072,ExactStein,.15512035584655248,.15187311655394317,8.740780165,3.24
4,131072,ImpulseStein,.15333915809500212,.15024109807628266,7.534539204,4.51
4,131072,OracleX,.1529215699864801,.15290472664036364,23.032851454,.3117119558925114
4,131072,OracleZ,.15866645954874642,.15472643533710911,22.395582218,.3443552429766086
4,131072,Ridge,.15864045737249716,.15470124237934277,.145485819,.3443552429766086
5,256,NaiveX,.1706418098229207,.1740790625077009,49657e-9,0
5,256,NaiveZ,.17610464004169296,.17386069482316413,21441e-9,0
5,256,FullInfo,.17481977966874251,.17589013245481694,19695e-9,0
5,256,MLE,.12298888206812492,.12581132643356815,586388e-9,1.9922390117451614
5,256,MM,.17631395940651956,.17379886673452205,29263e-9,2.1535297392612023
5,256,EmpBayesX,.17456837807784825,.17299421805677195,157282e-9,1.1558335982970014
5,256,Rescaled,.176495346324118,.17409248045483183,157282e-9,.5779167991485007
5,256,Rescaled_0.125,.1653383704830851,.1620806267467133,157282e-9,9.246668786376011
5,256,Rescaled_0.25,.1739722224285596,.1704310514909213,157282e-9,4.6233343931880055
5,256,Rescaled_1.0,.17647979855993343,.17408570636134568,157282e-9,1.1558335982970014
5,256,Rescaled_2.0,.176495346324118,.17409248045483183,157282e-9,.5779167991485007
5,256,Rescaled_4.0,.176349900551856,.174302057150279,157282e-9,.28895839957425035
5,256,Rescaled_8.0,.176349900551856,.174302057150279,157282e-9,.14447919978712517
5,256,ExactStein,.17529136938130646,.17247046210510508,.011037228,4.58
5,256,ImpulseStein,.17529136938130646,.17247046210510508,.00690018,3.57
5,256,OracleX,.1736451875733499,.17427640693373125,154769e-9,.3547425553767849
5,256,OracleZ,.176349900551856,.174302057150279,107485e-9,.11281120556353545
5,256,Ridge,.17649534632411795,.17409248045483183,464654e-9,.11281120556353545
5,512,NaiveX,.1678801585784308,.16893335506799517,34991e-9,0
5,512,NaiveZ,.17364065731994904,.17034106065928661,33314e-9,0
5,512,FullInfo,.17244190944144933,.17179030796033268,37645e-9,0
5,512,MLE,.12310624255077873,.12152351833392519,.001016121,1.9721300511125446
5,512,MM,.1731701706077231,.1701175154041694,48819e-9,2.1464275488735525
5,512,EmpBayesX,.16921268152506783,.1692439077209053,372743e-9,.8931697584548063
5,512,Rescaled,.17364926469555397,.1705879518826102,372743e-9,.44658487922740314
5,512,Rescaled_0.125,.1641568843385678,.1637441105080746,372743e-9,7.14535806763845
5,512,Rescaled_0.25,.17222118879101064,.16934254243281233,372743e-9,3.572679033819225
5,512,Rescaled_1.0,.17322574322570217,.17035946237918664,372743e-9,.8931697584548063
5,512,Rescaled_2.0,.17364926469555397,.1705879518826102,372743e-9,.44658487922740314
5,512,Rescaled_4.0,.17343196178463105,.1706125256604205,372743e-9,.22329243961370157
5,512,Rescaled_8.0,.1742309462259036,.17057612805642353,372743e-9,.11164621980685079
5,512,ExactStein,.1726190135034637,.16939493844238254,.020232531,3.43
5,512,ImpulseStein,.17222118879101064,.16934254243281233,.013754892,3.51
5,512,OracleX,.16921268152506783,.1692439077209053,366666e-9,.8931697584548063
5,512,OracleZ,.1736230206454124,.17062576763495743,403124e-9,.25295792360387465
5,512,Ridge,.17364926469555397,.17058795188261017,.001954089,.25295792360387465
5,1024,NaiveX,.15888040241634457,.16001749898407283,67816e-9,0
5,1024,NaiveZ,.1657953632569332,.16198072819167567,69352e-9,0
5,1024,FullInfo,.16429822282284706,.16346466846694735,64533e-9,0
5,1024,MLE,.12604594952829057,.12090580242412159,.001907575,2.2342763352189245
5,1024,MM,.16320586614002264,.160753085746108,88838e-9,2.4241331918765368
5,1024,EmpBayesX,.15974288381168922,.16074920757324285,.001413518,.8763627460969016
5,1024,Rescaled,.16581707985467262,.16213689309757817,.001413518,.4381813730484508
5,1024,Rescaled_0.125,.15461089461338068,.1535593649137001,.001413518,7.0109019687752125
5,1024,Rescaled_0.25,.16300351864060197,.16017589187920347,.001413518,3.5054509843876063
5,1024,Rescaled_1.0,.16568715824752966,.16190490466991048,.001413518,.8763627460969016
5,1024,Rescaled_2.0,.16581707985467262,.16213689309757817,.001413518,.4381813730484508
5,1024,Rescaled_4.0,.16604771646714117,.16212637412981454,.001413518,.2190906865242254
5,1024,Rescaled_8.0,.16604771646714117,.16212637412981454,.001413518,.1095453432621127
5,1024,ExactStein,.1622449922666378,.15991550280893868,.044414028,4
5,1024,ImpulseStein,.16334082598595048,.16096528680195116,.034388451,2.28
5,1024,OracleX,.15974288381168922,.16074920757324285,.001429302,.8763627460969016
5,1024,OracleZ,.16612610008128367,.1623053083683211,.001453676,.3582213933872943
5,1024,Ridge,.1661324221129659,.16228010266121007,.002172762,.3582213933872943
5,2048,NaiveX,.1598757021221728,.16168901799876556,132769e-9,0
5,2048,NaiveZ,.16588368997149477,.16376253957637635,136121e-9,0
5,2048,FullInfo,.1637855962644263,.1656985293267002,137028e-9,0
5,2048,MLE,.13126836582698287,.1268739846056991,.003764934,2.3223627980803063
5,2048,MM,.16327108078092784,.16257631044290843,18061e-8,2.52606244016216
5,2048,EmpBayesX,.16004877120097974,.16175013028382335,.005303816,1.2906226470519309
5,2048,Rescaled,.16563173598193426,.163908585876307,.005303816,.6453113235259654
5,2048,Rescaled_0.125,.15372578936377274,.15259047905825435,.005303816,10.324981176415447
5,2048,Rescaled_0.25,.16047393804986526,.15914114564054802,.005303816,5.162490588207723
5,2048,Rescaled_1.0,.1650110436063289,.16328366640985867,.005303816,1.2906226470519309
5,2048,Rescaled_2.0,.16563173598193426,.163908585876307,.005303816,.6453113235259654
5,2048,Rescaled_4.0,.16591692400309668,.16396959016708618,.005303816,.3226556617629827
5,2048,Rescaled_8.0,.16584395033021815,.1638065110953094,.005303816,.16132783088149136
5,2048,ExactStein,.16173356929722277,.1603464687447313,.100273925,4.37
5,2048,ImpulseStein,.16500446428755275,.16333022332738323,.07983145,1.42
5,2048,OracleX,.159999004292976,.16186637850285543,.006172363,1.179197971969701
5,2048,OracleZ,.165920117880333,.16399643605357084,.005806255,.36376913480994155
5,2048,Ridge,.16593281547471794,.16393108580349353,.002120032,.36376913480994155
5,4096,NaiveX,.14883246360500024,.1502140343167233,28621e-8,0
5,4096,NaiveZ,.15561281207453817,.15250065534924753,281879e-9,0
5,4096,FullInfo,.15356425342096214,.15461349978698463,281601e-9,0
5,4096,MLE,.1237850466285342,.12003533932217095,.00829924,2.423937309956498
5,4096,MM,.15278568878861992,.15073858746078395,380705e-9,2.645329192917781
5,4096,EmpBayesX,.14934762717853753,.150599435705902,.022373236,.6649000379342175
5,4096,Rescaled,.1554973486669572,.15256954037499895,.022373236,.33245001896710874
5,4096,Rescaled_0.125,.1492283829468586,.1470315747315532,.022373236,5.31920030347374
5,4096,Rescaled_0.25,.15278568878861992,.15073858746078395,.022373236,2.65960015173687
5,4096,Rescaled_1.0,.15541191822992023,.15243274669826634,.022373236,.6649000379342175
5,4096,Rescaled_2.0,.1554973486669572,.15256954037499895,.022373236,.33245001896710874
5,4096,Rescaled_4.0,.15557926651126558,.15259750007802356,.022373236,.16622500948355437
5,4096,Rescaled_8.0,.15554321828125295,.15255317999616133,.022373236,.08311250474177719
5,4096,ExactStein,.15179733039117116,.14935976510252943,.207545177,3.68
5,4096,ImpulseStein,.15441732868567948,.15168136979042623,.169175703,1.71
5,4096,OracleX,.14934762717853753,.150599435705902,.022128233,.6649000379342175
5,4096,OracleZ,.15549763290696594,.1526226093884646,.022769935,.2703036739605628
5,4096,Ridge,.1555633416152364,.15252547571394404,.004150108,.2703036739605628
5,8192,NaiveX,.15126055778989742,.1517619753474415,595397e-9,0
5,8192,NaiveZ,.1580049091677593,.15395629992857074,598261e-9,0
5,8192,FullInfo,.15584461096983915,.1560302927158474,582476e-9,0
5,8192,MLE,.12834953582326047,.12351319832245965,.016354593,2.4153084816078474
5,8192,MM,.15548268501553353,.1521768034053454,764063e-9,2.5842794750497604
5,8192,EmpBayesX,.15152295832915602,.15191192877874413,.093537453,.2848597362952827
5,8192,Rescaled,.1579937096629575,.154124186515134,.093537453,.14242986814764136
5,8192,Rescaled_0.125,.15580838823847817,.15235621670783295,.093537453,2.2788778903622617
5,8192,Rescaled_0.25,.15750178620968203,.15363201173636196,.093537453,1.1394389451811309
5,8192,Rescaled_1.0,.15799641822860652,.15415827000941495,.093537453,.2848597362952827
5,8192,Rescaled_2.0,.1579937096629575,.154124186515134,.093537453,.14242986814764136
5,8192,Rescaled_4.0,.15798172362509244,.1539968519004295,.093537453,.07121493407382068
5,8192,Rescaled_8.0,.1579605174721035,.15400663090172223,.093537453,.03560746703691034
5,8192,ExactStein,.15352052025292226,.15030450455357686,.440282315,4.18
5,8192,ImpulseStein,.1551884401391181,.15197560664366072,.356522432,2.8
5,8192,OracleX,.15147621038715808,.15192239982717007,.095602241,.3379200142988015
5,8192,OracleZ,.1580049119032304,.15417192904997284,.08840342,.1625711408727347
5,8192,Ridge,.15798327993712044,.154103802459813,.009022586,.1625711408727347
5,16384,NaiveX,.15443214126327043,.15475132122242402,.001255397,0
5,16384,NaiveZ,.160746832184267,.15683605898752487,.001259587,0
5,16384,FullInfo,.15875839427668537,.1587274888717343,.001255536,0
5,16384,MLE,.13055755395749186,.12588396370832436,.031447854,2.368437951282402
5,16384,MM,.15801993490696858,.15496856690951213,.001618083,2.5476652761169296
5,16384,EmpBayesX,.15463112417614464,.15487930513229725,.36164976,.5781712797618248
5,16384,Rescaled,.16071421045708506,.15684253219263533,.36164976,.2890856398809124
5,16384,Rescaled_0.125,.15523549585084295,.15237507666714342,.36164976,4.6253702380945985
5,16384,Rescaled_0.25,.15832973266264702,.15518561424097532,.36164976,2.3126851190472992
5,16384,Rescaled_1.0,.16058695323610306,.1566898517836979,.36164976,.5781712797618248
5,16384,Rescaled_2.0,.16071421045708506,.15684253219263533,.36164976,.2890856398809124
5,16384,Rescaled_4.0,.16074694852124133,.15685665199867452,.36164976,.1445428199404562
5,16384,Rescaled_8.0,.16071586854223396,.15683514241533164,.36164976,.0722714099702281
5,16384,ExactStein,.15604679882153705,.1530827585304484,.908826954,4.17
5,16384,ImpulseStein,.15682844276098368,.1538249871001854,.751942757,3.48
5,16384,OracleX,.15463020413927853,.15488933042357345,.356574045,.5686261742957649
5,16384,OracleZ,.1607055809223344,.15687268427386564,.355323397,.1099651683934918
5,16384,Ridge,.16068613425416772,.15676303999517616,.018064797,.1099651683934918
5,32768,NaiveX,.15333905428620792,.1535456898801274,.002689378,0
5,32768,NaiveZ,.15918449782093638,.15545041820308209,.002689308,0
5,32768,FullInfo,.15723866868006525,.15728984309853702,.002659556,0
5,32768,MLE,.12867692874829242,.12373147985712654,.064480057,2.367919140909351
5,32768,MM,.15653182643375188,.15369729798029222,.003394984,2.552246167201396
5,32768,EmpBayesX,.15346811783803396,.15370896088153216,1.4170596,.4975620257131867
5,32768,Rescaled,.15914992181389132,.15548370649772209,1.4170596,.24878101285659335
5,32768,Rescaled_0.125,.15471410877748562,.15187700767892426,1.4170596,3.9804962057054936
5,32768,Rescaled_0.25,.157308719211313,.15424617160976353,1.4170596,1.9902481028527468
5,32768,Rescaled_1.0,.15901219069099126,.15541780479446163,1.4170596,.4975620257131867
5,32768,Rescaled_2.0,.15914992181389132,.15548370649772209,1.4170596,.24878101285659335
5,32768,Rescaled_4.0,.15916502137674954,.1554900039670261,1.4170596,.12439050642829667
5,32768,Rescaled_8.0,.15917143525940794,.15548527739733803,1.4170596,.06219525321414834
5,32768,ExactStein,.1546920027801798,.15185553216573328,1.898757167,4.03
5,32768,ImpulseStein,.15471041389629053,.15187350172130684,1.587254427,3.99
5,32768,OracleX,.15345465282909132,.15371043406003088,1.362674961,.5107229143864757
5,32768,OracleZ,.15915497025533912,.15550655657265772,1.398571914,.20309619062981984
5,32768,Ridge,.15905428246313102,.15546076694259792,.035149722,.20309619062981984
5,65536,NaiveX,.15301569609504612,.15323401729941033,.006012706,0
5,65536,NaiveZ,.15892048455344068,.15501096924311422,.00602402,0
5,65536,FullInfo,.15680535107449922,.15698831123524776,.006047767,0
5,65536,MLE,.12875057804522966,.12399277180794577,.125486279,2.3864223103617856
5,65536,MM,.15627665173605748,.15309604366360297,.007321811,2.570201928808248
5,65536,EmpBayesX,.15316722855095172,.15337876834081277,5.611571136,.510356988213762
5,65536,Rescaled,.15886926427072096,.15501325617332934,5.611571136,.255178494106881
5,65536,Rescaled_0.125,.1542374378928908,.15111744178862396,5.611571136,4.082855905710096
5,65536,Rescaled_0.25,.15693447678058747,.15364020007335705,5.611571136,2.041427952855048
5,65536,Rescaled_1.0,.1587213344533257,.15494633714847966,5.611571136,.510356988213762
5,65536,Rescaled_2.0,.15886926427072096,.15501325617332934,5.611571136,.255178494106881
5,65536,Rescaled_4.0,.15892166344258365,.15504316313454186,5.611571136,.1275892470534405
5,65536,Rescaled_8.0,.15892928902269893,.15503025279538263,5.611571136,.06379462352672025
5,65536,ExactStein,.15495344838354141,.15181370086023227,4.089355288,3.58
5,65536,ImpulseStein,.15498764792781802,.15185275164474232,3.4889355,3.53
5,65536,OracleX,.15315769888283473,.15338068888027745,5.650836534,.50719524077188
5,65536,OracleZ,.15890956735233958,.15505106337910263,5.397732491,.15223862475507896
5,65536,Ridge,.15878858098060894,.154998239511442,.072403132,.15223862475507896
5,131072,NaiveX,.15285288402719818,.1529156046141748,.013163476,0
5,131072,NaiveZ,.15878822836443224,.1547435801038604,.013690079,0
5,131072,FullInfo,.1567483552764472,.15675576285231624,.013088047,0
5,131072,MLE,.1283058415293896,.1233180393799802,.255557567,2.4028982728524326
5,131072,MM,.15610867257809719,.15275847364493486,.016241172,2.5994017754165104
5,131072,EmpBayesX,.15294349914114136,.1530016788172508,22.533727439,.5272119241853443
5,131072,Rescaled,.15876629865947584,.1547447163038012,22.533727439,.2636059620926722
5,131072,Rescaled_0.125,.1538573623823317,.15066857713109208,22.533727439,4.217695393482755
5,131072,Rescaled_0.25,.15680700338068326,.15334457413567973,22.533727439,2.1088476967413774
5,131072,Rescaled_1.0,.15860645476253427,.15469734240597183,22.533727439,.5272119241853443
5,131072,Rescaled_2.0,.15876629865947584,.1547447163038012,22.533727439,.2636059620926722
5,131072,Rescaled_4.0,.1587972766554976,.15476592475672946,22.533727439,.1318029810463361
5,131072,Rescaled_8.0,.1587965093268353,.15475906632742625,22.533727439,.06590149052316804
5,131072,ExactStein,.15484830589837542,.15156608870040703,8.758753959,3.54
5,131072,ImpulseStein,.15468149199460607,.1514202195357257,7.498635965,3.66
5,131072,OracleX,.15294349914114136,.1530016788172508,22.57229617,.5272119241853443
5,131072,OracleZ,.1587742756525638,.15477133309320557,22.28562927,.1904719195720783
5,131072,Ridge,.1587033128775765,.1547298378310823,.143411882,.1904719195720783
6,256,NaiveX,.17651285146579554,.1731034512650563,45537e-9,0
6,256,NaiveZ,.18426068429015097,.17538783601170815,20813e-9,0
6,256,FullInfo,.18310978638396586,.17589013245481694,19206e-9,0
6,256,MLE,.13336728033107392,.1305558865947554,573048e-9,2.039186239513674
6,256,MM,.18299042810231328,.17323682950336067,28356e-9,2.203357464398422
6,256,EmpBayesX,.1787724042964734,.17413830199579883,143524e-9,.41839623816064087
6,256,Rescaled,.18426068429015097,.17538783601170815,143524e-9,.20919811908032043
6,256,Rescaled_0.125,.17954738670514833,.1705137519206991,143524e-9,3.347169905285127
6,256,Rescaled_0.25,.18367084825874408,.17419138329711265,143524e-9,1.6735849526425635
6,256,Rescaled_1.0,.18426068429015097,.17538783601170815,143524e-9,.41839623816064087
6,256,Rescaled_2.0,.18426068429015097,.17538783601170815,143524e-9,.20919811908032043
6,256,Rescaled_4.0,.18426068429015097,.17538783601170815,143524e-9,.10459905954016022
6,256,Rescaled_8.0,.18426068429015097,.17538783601170815,143524e-9,.05229952977008011
6,256,ExactStein,.1839253717116195,.1745867479622392,.009343926,1.46
6,256,ImpulseStein,.18367084825874408,.17419138329711265,.006865189,1.48
6,256,OracleX,.1787724042964734,.17413830199579883,149321e-9,.41839623816064087
6,256,OracleZ,.18437031229216172,.17541241511786893,146108e-9,.5038473613636899
6,256,Ridge,.18426068429015097,.17538783601170815,446635e-9,.5038473613636899
6,512,NaiveX,.17442437242452738,.1683224207408954,34083e-9,0
6,512,NaiveZ,.18014764337088757,.17037947886084692,34572e-9,0
6,512,FullInfo,.1789492620877436,.17179030796033268,33035e-9,0
6,512,MLE,.1304770409185801,.1225021273710275,.001008997,2.0072671124589063
6,512,MM,.1796793706585657,.16926829811357486,50006e-9,2.1719902089410748
6,512,EmpBayesX,.1750736070043191,.16856799269004286,35186e-8,.4342215191820381
6,512,Rescaled,.18019364790257297,.17036743745433697,35186e-8,.21711075959101905
6,512,Rescaled_0.125,.17803475268378063,.16795229371901446,35186e-8,3.473772153456305
6,512,Rescaled_0.25,.1800915145814447,.16983212918719306,35186e-8,1.7368860767281524
6,512,Rescaled_1.0,.1806449160058597,.17012411764638424,35186e-8,.4342215191820381
6,512,Rescaled_2.0,.18019364790257297,.17036743745433697,35186e-8,.21711075959101905
6,512,Rescaled_4.0,.18014764337088757,.17037947886084692,35186e-8,.10855537979550953
6,512,Rescaled_8.0,.18014764337088757,.17037947886084692,35186e-8,.05427768989775476
6,512,ExactStein,.1796793706585657,.16926829811357486,.020416912,2.37
6,512,ImpulseStein,.17924657800485316,.16881754750944952,.014990733,2.64
6,512,OracleX,.1750736070043191,.16856799269004286,36506e-8,.4342215191820381
6,512,OracleZ,.18014764337088757,.17037947886084692,390622e-9,0
6,512,Ridge,.1806449160058597,.17012411764638424,685842e-9,0
6,1024,NaiveX,.1614798510970471,.15993469169717928,6586e-8,0
6,1024,NaiveZ,.16873072292442126,.1620220674244388,64045e-9,0
6,1024,FullInfo,.16666833353224286,.16346466846694735,64254e-9,0
6,1024,MLE,.12993901470191804,.1230319850392145,.0019096,2.2684710203384526
6,1024,MM,.16648377964685265,.16121466677163107,90165e-9,2.4412240194121035
6,1024,EmpBayesX,.16223691630840562,.16059804327169497,.00119268,.43476862015271345
6,1024,Rescaled,.16873488685250906,.1620022343812709,.00119268,.21738431007635672
6,1024,Rescaled_0.125,.1643869930433824,.1600351609307606,.00119268,3.4781489612217076
6,1024,Rescaled_0.25,.16724396424620847,.16200160817178116,.00119268,1.7390744806108538
6,1024,Rescaled_1.0,.16823160228739922,.1622576033379623,.00119268,.43476862015271345
6,1024,Rescaled_2.0,.16873488685250906,.1620022343812709,.00119268,.21738431007635672
6,1024,Rescaled_4.0,.16873072292442126,.16202206742443884,.00119268,.10869215503817836
6,1024,Rescaled_8.0,.16873072292442126,.16202206742443884,.00119268,.05434607751908918
6,1024,ExactStein,.16673902688632747,.16146894724857885,.044570472,2.41
6,1024,ImpulseStein,.1677238475310149,.16204060062286466,.035514433,1.48
6,1024,OracleX,.16223691630840562,.16059804327169497,.001195822,.43476862015271345
6,1024,OracleZ,.16823160228739922,.1622576033379623,.001569753,.2661612055571951
6,1024,Ridge,.16823160228739922,.1622576033379623,.001154616,.2661612055571951
6,2048,NaiveX,.16689880138815705,.16222451085506429,133537e-9,0
6,2048,NaiveZ,.17251180299232455,.16383284176731508,13654e-8,0
6,2048,FullInfo,.16991382632424695,.1656985293267002,137098e-9,0
6,2048,MLE,.13845595157409102,.1285909986522582,.003779182,2.330814805524534
6,2048,MM,.1697586090649284,.16258629162276783,17593e-8,2.5127575896302528
6,2048,EmpBayesX,.16724872793839032,.16264398347172715,.006615786,.364740975935343
6,2048,Rescaled,.17238735985975556,.16389380591312214,.006615786,.1823704879676715
6,2048,Rescaled_0.125,.16946503949037678,.16219085523390644,.006615786,2.917927807482744
6,2048,Rescaled_0.25,.1710722395021054,.16338676008621758,.006615786,1.458963903741372
6,2048,Rescaled_1.0,.17212097244378782,.1638645596706693,.006615786,.364740975935343
6,2048,Rescaled_2.0,.17238735985975556,.16389380591312214,.006615786,.1823704879676715
6,2048,Rescaled_4.0,.17251180299232458,.16383284176731508,.006615786,.09118524398383575
6,2048,Rescaled_8.0,.17251180299232455,.16383284176731508,.006615786,.045592621991917874
6,2048,ExactStein,.1694900523885955,.16225801033736004,.106170554,2.88
6,2048,ImpulseStein,.17086066421080134,.1632091246648522,.106059647,1.56
6,2048,OracleX,.16707168283138607,.16271507316290648,.005664617,.664699375440775
6,2048,OracleZ,.17181275314403768,.1639313082351317,.00582169,.44035448891895035
6,2048,Ridge,.17216858796757595,.16386672611326955,.002853994,.44035448891895035
6,4096,NaiveX,.15487894616426423,.15102450441048415,287676e-9,0
6,4096,NaiveZ,.160187839198685,.15275327353372503,299828e-9,0
6,4096,FullInfo,.15786416523981678,.15461349978698463,278737e-9,0
6,4096,MLE,.1285930662955786,.12125424384660305,.007462402,2.4188977010433637
6,4096,MM,.15777485045884937,.1512969618761159,370159e-9,2.624634392582599
6,4096,EmpBayesX,.15495075723399548,.1514368837483906,.023002576,.8957707388618181
6,4096,Rescaled,.15997525562253023,.1529283099324022,.023002576,.44788536943090906
6,4096,Rescaled_0.125,.14935011908679263,.14478667619715171,.023002576,7.166165910894545
6,4096,Rescaled_0.25,.15608564995388396,.15007561842801354,.023002576,3.5830829554472725
6,4096,Rescaled_1.0,.15962776973780235,.15275119019482852,.023002576,.8957707388618181
6,4096,Rescaled_2.0,.15997525562253023,.1529283099324022,.023002576,.44788536943090906
6,4096,Rescaled_4.0,.16006336540822663,.1529280963227017,.023002576,.22394268471545453
6,4096,Rescaled_8.0,.16010401951111525,.15290987859066596,.023002576,.11197134235772727
6,4096,ExactStein,.15797144432504667,.15138374486503564,.20832265,2.6
6,4096,ImpulseStein,.15849720054942787,.1519443820451124,.169796592,2.08
6,4096,OracleX,.15495075723399548,.1514368837483906,.023003065,.8957707388618181
6,4096,OracleZ,.16001790440939437,.15296843076501299,.022093661,.278871817539598
6,4096,Ridge,.16001195633019832,.15292252914365478,.004825195,.278871817539598
6,8192,NaiveX,.15522870228623198,.15228171795865864,585549e-9,0
6,8192,NaiveZ,.16050471884563522,.15384730470242303,583244e-9,0
6,8192,FullInfo,.1584636068244913,.1560302927158474,577797e-9,0
6,8192,MLE,.13158868423815048,.12386367042851817,.015478156,2.4051588774690593
6,8192,MM,.15831525073800803,.15235761642420015,767905e-9,2.568064853462876
6,8192,EmpBayesX,.15522870228623198,.15228171795865864,.090033516,0
6,8192,Rescaled,.16050471884563522,.15384730470242303,.090033516,0
6,8192,Rescaled_0.125,.16050471884563522,.15384730470242303,.090033516,0
6,8192,Rescaled_0.25,.16050471884563522,.15384730470242303,.090033516,0
6,8192,Rescaled_1.0,.16050471884563522,.15384730470242303,.090033516,0
6,8192,Rescaled_2.0,.16050471884563522,.15384730470242303,.090033516,0
6,8192,Rescaled_4.0,.16050471884563522,.15384730470242303,.090033516,0
6,8192,Rescaled_8.0,.16050471884563522,.15384730470242303,.090033516,0
6,8192,ExactStein,.15635065233975337,.15083652312306509,.430316732,3.92
6,8192,ImpulseStein,.15842628444361512,.15245834799309632,.352661676,2.45
6,8192,OracleX,.1551263321938198,.15230640124832956,.089748354,.17493004179844907
6,8192,OracleZ,.16027218491295037,.1540389788555544,.094941123,.6838816288147578
6,8192,Ridge,.16052210829319652,.153958657853145,.009404688,.6838816288147578
6,16384,NaiveX,.1563813280337299,.15513460972921608,.001249321,0
6,16384,NaiveZ,.16213461449911815,.15681362231217955,.001262521,0
6,16384,FullInfo,.1600703417719169,.1587274888717343,.001243874,0
6,16384,MLE,.13162019928677196,.1255773517442597,.031490177,2.3711557320052536
6,16384,MM,.1597885123692881,.1551685474141347,.001596921,2.547916409353725
6,16384,EmpBayesX,.15651473455731263,.15519919708110952,.347502779,.18078723532074586
6,16384,Rescaled,.16209773233239688,.15686244692628928,.347502779,.09039361766037293
6,16384,Rescaled_0.125,.16118995127468427,.15631378216833786,.347502779,1.446297882565967
6,16384,Rescaled_0.25,.16170789486674342,.15677527651321757,.347502779,.7231489412829835
6,16384,Rescaled_1.0,.16206136463679352,.15688436701029315,.347502779,.18078723532074586
6,16384,Rescaled_2.0,.16209773233239688,.15686244692628928,.347502779,.09039361766037293
6,16384,Rescaled_4.0,.16212493513525883,.1568367992990337,.347502779,.045196808830186466
6,16384,Rescaled_8.0,.1621262824403494,.15681643789183147,.347502779,.022598404415093233
6,16384,ExactStein,.15966949666745722,.15505321503863542,.903481232,2.64
6,16384,ImpulseStein,.15845596625047922,.1540802374791154,.746846998,3.34
6,16384,OracleX,.15648436992616604,.15520129451701065,.345760449,.4728636891380177
6,16384,OracleZ,.1620692588188674,.1569061945228946,.363910313,.21752429738406648
6,16384,Ridge,.16191773772723578,.15686904327050233,.017633317,.21752429738406648
6,32768,NaiveX,.15447087495602738,.1538154050217366,.002716058,0
6,32768,NaiveZ,.15988229496382927,.155390122228947,.002696502,0
6,32768,FullInfo,.15802724132905904,.15728984309853702,.003249924,0
6,32768,MLE,.12916698569397483,.1236101972040643,.062150851,2.3716484654269148
6,32768,MM,.15742176426970406,.15371151126282043,.003391144,2.558238041947094
6,32768,EmpBayesX,.1544737599931222,.15381784079871988,1.352400469,.0009820849718605847
6,32768,Rescaled,.1598784393670748,.15539965338484707,1.352400469,.0004910424859302923
6,32768,Rescaled_0.125,.159869948139386,.15541835264152415,1.352400469,.007856679774884677
6,32768,Rescaled_0.25,.1598784393670748,.15539965338484707,1.352400469,.003928339887442339
6,32768,Rescaled_1.0,.1598784393670748,.15539965338484707,1.352400469,.0009820849718605847
6,32768,Rescaled_2.0,.1598784393670748,.15539965338484707,1.352400469,.0004910424859302923
6,32768,Rescaled_4.0,.1598784393670748,.15539965338484707,1.352400469,.00024552124296514617
6,32768,Rescaled_8.0,.15988229496382927,.155390122228947,1.352400469,.00012276062148257308
6,32768,ExactStein,.15675158980931156,.15319695935936695,1.896550463,3.03
6,32768,ImpulseStein,.15838126157378632,.154468751771544,1.585238528,1.94
6,32768,OracleX,.154406336823583,.15383393522446437,1.353943962,.19744839532463004
6,32768,OracleZ,.15978513264476885,.15552399497545133,1.371884163,.3020388370747174
6,32768,Ridge,.15976146701599023,.15551004126904056,.035769423,.3020388370747174
6,65536,NaiveX,.15374879367684238,.1533780775401444,.006048115,0
6,65536,NaiveZ,.15932748472830055,.15505832788171983,.006028769,0
6,65536,FullInfo,.1574566457652215,.15698831123524776,.005991474,0
6,65536,MLE,.12935157205811507,.12405198597609507,.158415955,2.386629265140214
6,65536,MM,.15676046422693124,.15322341977546858,.007342415,2.570837093329523
6,65536,EmpBayesX,.15382980209400585,.1534718997310408,5.422601435,.4003698865646442
6,65536,Rescaled,.15927874142370807,.15512361305378558,5.422601435,.2001849432823221
6,65536,Rescaled_0.125,.15588300154894305,.152444718548979,5.422601435,3.2029590925171534
6,65536,Rescaled_0.25,.15809708641119957,.15431306424282204,5.422601435,1.6014795462585767
6,65536,Rescaled_1.0,.15917781646149565,.15511814780225605,5.422601435,.4003698865646442
6,65536,Rescaled_2.0,.15927874142370807,.15512361305378558,5.422601435,.2001849432823221
6,65536,Rescaled_4.0,.15927325794745054,.15511219854078673,5.422601435,.10009247164116104
6,65536,Rescaled_8.0,.1593078071100434,.15508454402458027,5.422601435,.05004623582058052
6,65536,ExactStein,.1559204396005925,.15248182285863943,4.08083947,3.18
6,65536,ImpulseStein,.1563749736328158,.15284262270591892,3.46838994,2.9
6,65536,OracleX,.15382547712046887,.15347462679252658,5.502997833,.39479766537954386
6,65536,OracleZ,.15921956292846362,.15514648994126445,5.590844618,.2916981564121255
6,65536,Ridge,.1591912903786581,.1551197457158078,.072451741,.2916981564121255
6,131072,NaiveX,.15312630216222362,.1528914905686797,.013166059,0
6,131072,NaiveZ,.1589516673647959,.15473670245915594,.013072332,0
6,131072,FullInfo,.15697685869432823,.15675576285231624,.01306032,0
6,131072,MLE,.12839946539320285,.12326772423632151,.288130495,2.4033910364159428
6,131072,MM,.15640293934168936,.15287852610262798,.015863958,2.599311017292705
6,131072,EmpBayesX,.15325569282864976,.15298852022519122,22.540673015,.398339797200521
6,131072,Rescaled,.15891116248142717,.15477509085342034,22.540673015,.1991698986002605
6,131072,Rescaled_0.125,.1555548578170111,.15208089080427656,22.540673015,3.186718377604168
6,131072,Rescaled_0.25,.15772491094550803,.15396168623538856,22.540673015,1.593359188802084
6,131072,Rescaled_1.0,.1588180500351761,.15474564745192648,22.540673015,.398339797200521
6,131072,Rescaled_2.0,.15891116248142717,.15477509085342034,22.540673015,.1991698986002605
6,131072,Rescaled_4.0,.1589304002128593,.1547616924876538,22.540673015,.09958494930013025
6,131072,Rescaled_8.0,.15893989145027068,.15475693278832026,22.540673015,.04979247465006512
6,131072,ExactStein,.15543642908049993,.15197757764686656,8.756569882,3.28
6,131072,ImpulseStein,.1552213213528552,.15178724809038505,7.497413673,3.42
6,131072,OracleX,.1532406957706308,.15299476061351644,22.561899247,.421602853833229
6,131072,OracleZ,.1589216098114442,.1547840593501152,22.631114404,.17548351099646944
6,131072,Ridge,.15882607797912734,.1547526834216787,.142597673,.17548351099646944
7,256,NaiveX,.1720606628885204,.17104647948620091,49099e-9,0
7,256,NaiveZ,.18042236373889609,.17431532718201637,20883e-9,0
7,256,FullInfo,.17870040590282815,.17589013245481694,19555e-9,0
7,256,MLE,.13660903713049205,.12903312838649783,572279e-9,1.984003518591382
7,256,MM,.1787746838935187,.17431062024438973,29543e-9,2.1035745180833363
7,256,EmpBayesX,.1760671610556509,.17433938083076067,139822e-9,1.6954085638835583
7,256,Rescaled,.1800901878697109,.17499880647386196,139822e-9,.8477042819417792
7,256,Rescaled_0.125,.1629772993316386,.16172154302145408,139822e-9,13.563268511068467
7,256,Rescaled_0.25,.17311540218614066,.1696058814347861,139822e-9,6.781634255534233
7,256,Rescaled_1.0,.1787746838935187,.17431062024438976,139822e-9,1.6954085638835583
7,256,Rescaled_2.0,.1800901878697109,.17499880647386196,139822e-9,.8477042819417792
7,256,Rescaled_4.0,.18097922121518273,.1747372898441305,139822e-9,.4238521409708896
7,256,Rescaled_8.0,.18139131944829123,.17413635523731502,139822e-9,.2119260704854448
7,256,ExactStein,.1787746838935187,.17431062024438973,.011045609,3.67
7,256,ImpulseStein,.1787746838935187,.17431062024438973,.006911563,2.71
7,256,OracleX,.1760671610556509,.17433938083076067,141638e-9,1.6954085638835583
7,256,OracleZ,.1800901878697109,.17499880647386196,137448e-9,.7837659430599396
7,256,Ridge,.18039997824835802,.17487523553635848,441467e-9,.7837659430599396
7,512,NaiveX,.16476784643359377,.16734136274464356,35339e-9,0
7,512,NaiveZ,.1716352485545357,.1701557587946858,33035e-9,0
7,512,FullInfo,.17067335505709297,.17179030796033268,33663e-9,0
7,512,MLE,.12560844014105993,.12329637942435345,.001004807,2.0062484414097983
7,512,MM,.17023632912737413,.1689422419563482,484e-7,2.164697411772313
7,512,EmpBayesX,.16695630516235355,.169459143136801,380844e-9,2.5857581258644595
7,512,Rescaled,.1720627532749315,.17039988860190797,380844e-9,1.2928790629322298
7,512,Rescaled_0.125,.15010246299555974,.14886820472058604,380844e-9,20.686065006915676
7,512,Rescaled_0.25,.16477658791773914,.16204645984545973,380844e-9,10.343032503457838
7,512,Rescaled_1.0,.17023632912737413,.1689422419563482,380844e-9,2.5857581258644595
7,512,Rescaled_2.0,.1720627532749315,.17039988860190797,380844e-9,1.2928790629322298
7,512,Rescaled_4.0,.17256346142928122,.17067634603351484,380844e-9,.6464395314661149
7,512,Rescaled_8.0,.1727521450302048,.17048233004891045,380844e-9,.32321976573305744
7,512,ExactStein,.17021145141028138,.16852700211197374,.020208226,4.03
7,512,ImpulseStein,.17023632912737413,.16894224195634822,.014936815,2.71
7,512,OracleX,.1668906418312226,.16949145293645984,386641e-9,1.9746656029179661
7,512,OracleZ,.17183980879095936,.17096573235419632,380705e-9,.9652188429677934
7,512,Ridge,.17231922451898093,.17078202322579059,674807e-9,.9652188429677934
7,1024,NaiveX,.1565451336373464,.15862728762638223,64952e-9,0
7,1024,NaiveZ,.1639355867489274,.16166560240935765,65442e-9,0
7,1024,FullInfo,.1630240717675313,.16346466846694735,64952e-9,0
7,1024,MLE,.1267968147358065,.12460442842967151,.00192329,2.2538134850525187
7,1024,MM,.16251775329065,.1600507416598519,90864e-9,2.4275766861096852
7,1024,EmpBayesX,.15767466776408856,.15955751921631445,.001478889,1.1300823264343247
7,1024,Rescaled,.16450992051386232,.16232256879875412,.001478889,.5650411632171624
7,1024,Rescaled_0.125,.15476442747709712,.15344099047379722,.001478889,9.040658611474598
7,1024,Rescaled_0.25,.15844982887222972,.15715932110485836,.001478889,4.520329305737299
7,1024,Rescaled_1.0,.16392528890207336,.16157695841539552,.001478889,1.1300823264343247
7,1024,Rescaled_2.0,.16450992051386232,.16232256879875412,.001478889,.5650411632171624
7,1024,Rescaled_4.0,.1640526797932015,.16208130620936378,.001478889,.2825205816085812
7,1024,Rescaled_8.0,.1639458665382328,.16199330419807795,.001478889,.1412602908042906
7,1024,ExactStein,.16054343797306594,.15865000073364977,.044725589,4.03
7,1024,ImpulseStein,.15942248795917158,.15796685098494806,.035847366,4.48
7,1024,OracleX,.15742593322532653,.1597466567097805,.001486013,.9390255164460226
7,1024,OracleZ,.1645115242248585,.16233810913898586,.001642318,.4585139876224972
7,1024,Ridge,.16450992051386235,.16232256879875412,.001149378,.4585139876224972
7,2048,NaiveX,.16107287434875128,.16146009824711416,133466e-9,0
7,2048,NaiveZ,.16684363383661593,.16386145760489745,132349e-9,0
7,2048,FullInfo,.1660854440340724,.1656985293267002,132768e-9,0
7,2048,MLE,.1354800419783583,.12944255295730156,.003765493,2.329879883336327
7,2048,MM,.16433679679696286,.1620960582860508,177676e-9,2.525042268171669
7,2048,EmpBayesX,.16107287434875128,.16146009824711416,.00691729,0
7,2048,Rescaled,.16684363383661593,.16386145760489745,.00691729,0
7,2048,Rescaled_0.125,.16684363383661593,.16386145760489745,.00691729,0
7,2048,Rescaled_0.25,.16684363383661593,.16386145760489745,.00691729,0
7,2048,Rescaled_1.0,.16684363383661593,.16386145760489745,.00691729,0
7,2048,Rescaled_2.0,.16684363383661593,.16386145760489745,.00691729,0
7,2048,Rescaled_4.0,.16684363383661593,.16386145760489745,.00691729,0
7,2048,Rescaled_8.0,.16684363383661593,.16386145760489745,.00691729,0
7,2048,ExactStein,.161835716109275,.15961388799939982,.099092629,4.44
7,2048,ImpulseStein,.1610667542097944,.15903056447025699,.08049194,4.89
7,2048,OracleX,.16103302736110162,.16150271393306,.00594014,.04013952528935775
7,2048,OracleZ,.1670748487795996,.16447719151918952,.006040154,.4585139876224972
7,2048,Ridge,.16706518223573782,.16444427332667372,.002992699,.4585139876224972
7,4096,NaiveX,.15141243284470185,.15083879060480765,279295e-9,0
7,4096,NaiveZ,.15715702957897804,.15267492510367536,275804e-9,0
7,4096,FullInfo,.15534060024264543,.15461349978698463,275943e-9,0
7,4096,MLE,.1282146699631851,.12141723218136993,.007453112,2.4130402696193154
7,4096,MM,.15384118303688937,.15059210980915588,365898e-9,2.6256642784810134
7,4096,EmpBayesX,.1515742119482712,.15095091118247456,.023098747,.0018005100436047116
7,4096,Rescaled,.15715702957897804,.15267492510367536,.023098747,.0009002550218023558
7,4096,Rescaled_0.125,.15715702957897804,.15267492510367536,.023098747,.014404080348837693
7,4096,Rescaled_0.25,.15715702957897804,.15267492510367536,.023098747,.007202040174418846
7,4096,Rescaled_1.0,.15715702957897804,.15267492510367536,.023098747,.0018005100436047116
7,4096,Rescaled_2.0,.15715702957897804,.15267492510367536,.023098747,.0009002550218023558
7,4096,Rescaled_4.0,.15715702957897804,.15267492510367536,.023098747,.0004501275109011779
7,4096,Rescaled_8.0,.15715702957897804,.15267492510367536,.023098747,.00022506375545058895
7,4096,ExactStein,.15218027339640355,.14945193802626097,.207394669,3.92
7,4096,ImpulseStein,.15384112274445388,.15059208156111156,.169008922,2.71
7,4096,OracleX,.1515742119482712,.15095091118247456,.023143026,.0018005100436047116
7,4096,OracleZ,.15710072436108866,.15299735539626047,.024608297,.6095387397394216
7,4096,Ridge,.15704334282774848,.15281856805799815,.004942667,.6095387397394216
7,8192,NaiveX,.15235019174762132,.1522250633306374,587156e-9,0
7,8192,NaiveZ,.1579854409295189,.1540080901817299,597562e-9,0
7,8192,FullInfo,.15596317780517624,.1560302927158474,579893e-9,0
7,8192,MLE,.12972059736196148,.12395672364999825,.01561267,2.4084920841666144
7,8192,MM,.15521647882579814,.15180732302603128,759524e-9,2.57284354794429
7,8192,EmpBayesX,.15235019174762132,.1522250633306374,.09520212,0
7,8192,Rescaled,.1579854409295189,.1540080901817299,.09520212,0
7,8192,Rescaled_0.125,.1579854409295189,.1540080901817299,.09520212,0
7,8192,Rescaled_0.25,.1579854409295189,.1540080901817299,.09520212,0
7,8192,Rescaled_1.0,.1579854409295189,.1540080901817299,.09520212,0
7,8192,Rescaled_2.0,.1579854409295189,.1540080901817299,.09520212,0
7,8192,Rescaled_4.0,.1579854409295189,.1540080901817299,.09520212,0
7,8192,Rescaled_8.0,.1579854409295189,.1540080901817299,.09520212,0
7,8192,ExactStein,.1523966916202777,.1495599928768537,.441052176,4.79
7,8192,ImpulseStein,.1522303498234114,.1493412106785743,.356974933,4.97
7,8192,OracleX,.15223646309973266,.15229869851027542,.094059447,.11038567848115916
7,8192,OracleZ,.1580179076647687,.15404115864375068,.09078899,.26287621952981843
7,8192,Ridge,.1579660957679357,.15395830607772004,.009639284,.26287621952981843
7,16384,NaiveX,.1553540960604662,.15503358931475433,.001262521,0
7,16384,NaiveZ,.16099336159686184,.1567995837219746,.001243244,0
7,16384,FullInfo,.15879272735473351,.1587274888717343,.001244851,0
7,16384,MLE,.13122507449569856,.1256959562666908,.031755435,2.364706014375846
7,16384,MM,.15813800728166488,.15460381779720353,.001590425,2.5425369656931904
7,16384,EmpBayesX,.15537816902900153,.15505357664548364,.368730829,.02807689252716616
7,16384,Rescaled,.16099016438620822,.1568059024707218,.368730829,.01403844626358308
7,16384,Rescaled_0.125,.16094032416902093,.15680196660381746,.368730829,.22461514021732928
7,16384,Rescaled_0.25,.16095484373123695,.15680638606792935,.368730829,.11230757010866464
7,16384,Rescaled_1.0,.1609632686304437,.15679510274579775,.368730829,.02807689252716616
7,16384,Rescaled_2.0,.16099016438620822,.1568059024707218,.368730829,.01403844626358308
7,16384,Rescaled_4.0,.16099016438620822,.1568059024707218,.368730829,.00701922313179154
7,16384,Rescaled_8.0,.16099016438620822,.1568059024707218,.368730829,.00350961156589577
7,16384,ExactStein,.15618236056552237,.15283520811017107,.905050706,4.21
7,16384,ImpulseStein,.15884972816844714,.15509680961454553,.749203443,2.22
7,16384,OracleX,.15536298378763702,.15507790625154916,.36897639,.06701066155453439
7,16384,OracleZ,.16097498860460005,.1568160753788377,.362051348,.2417804459655775
7,16384,Ridge,.16094734994816243,.15671475559234566,.018110334,.2417804459655775
7,32768,NaiveX,.15357476013624288,.1534779662515931,.003421385,0
7,32768,NaiveZ,.15951964888429238,.15538828323721626,.002691264,0
7,32768,FullInfo,.15754715319115814,.15728984309853702,.002659976,0
7,32768,MLE,.1290469390054005,.12400857711060874,.064542076,2.372498213880924
7,32768,MM,.156811065561817,.15345255324043172,.003350636,2.559930081175855
7,32768,EmpBayesX,.15360716761558973,.1534917242834915,1.453462971,.35981129936362594
7,32768,Rescaled,.15945577991905052,.15546220479166617,1.453462971,.17990564968181297
7,32768,Rescaled_0.125,.1563445797906049,.1530507851003831,1.453462971,2.8784903949090075
7,32768,Rescaled_0.25,.15849965584824752,.15464162728659386,1.453462971,1.4392451974545037
7,32768,Rescaled_1.0,.15940863834047103,.15540809088956617,1.453462971,.35981129936362594
7,32768,Rescaled_2.0,.15945577991905052,.15546220479166617,1.453462971,.17990564968181297
7,32768,Rescaled_4.0,.15947601524737046,.1554405144042144,1.453462971,.08995282484090648
7,32768,Rescaled_8.0,.1594885819331436,.15539665305744835,1.453462971,.04497641242045324
7,32768,ExactStein,.1549856041523896,.1518104257801477,1.893223991,3.92
7,32768,ImpulseStein,.1538112668772999,.15082058698987016,1.583492915,4.74
7,32768,OracleX,.15359395489234626,.15355744730554033,1.413723282,.6932163032255557
7,32768,OracleZ,.15945533599274103,.1554645411023052,1.384402933,.18600784861450564
7,32768,Ridge,.1593883976861502,.15540298552933132,.035956597,.18600784861450564
7,65536,NaiveX,.15309159387631668,.15313354220657255,.006019271,0
7,65536,NaiveZ,.15882422988666473,.15511255505850796,.005994268,0
7,65536,FullInfo,.15697142444546366,.15698831123524776,.006040782,0
7,65536,MLE,.12910011087243872,.12433848409145803,.125373554,2.3852180486776855
7,65536,MM,.1561570303365396,.15298281728741575,.007358338,2.568804552698358
7,65536,EmpBayesX,.1532305107270514,.1532494389042578,5.531924486,.47986687147204626
7,65536,Rescaled,.1587710303743006,.15514553679001947,5.531924486,.23993343573602313
7,65536,Rescaled_0.125,.15446131154380457,.1514341664146699,5.531924486,3.83893497177637
7,65536,Rescaled_0.25,.15712200799615345,.15378852350044264,5.531924486,1.919467485888185
7,65536,Rescaled_1.0,.158684791492968,.15508146322848687,5.531924486,.47986687147204626
7,65536,Rescaled_2.0,.1587710303743006,.15514553679001947,5.531924486,.23993343573602313
7,65536,Rescaled_4.0,.15881484930246353,.15514914514352093,5.531924486,.11996671786801157
7,65536,Rescaled_8.0,.15881487942028882,.15512098486062004,5.531924486,.05998335893400578
7,65536,ExactStein,.15488991075259095,.15181456318813555,4.092103123,3.55
7,65536,ImpulseStein,.15574106085710634,.15261043488165466,3.475094843,2.89
7,65536,OracleX,.1532049949646793,.1532826681028866,5.612213955,.7516362790441348
7,65536,OracleZ,.15877851162505774,.15515338629778763,5.423028585,.22889295885320482
7,65536,Ridge,.15871534622943775,.1550814009626567,.072560903,.22889295885320482
7,131072,NaiveX,.1528263751837942,.15281491926138904,.013100269,0
7,131072,NaiveZ,.15863772192616366,.15480634150815317,.01310872,0
7,131072,FullInfo,.15670776143420068,.15675576285231624,.013075266,0
7,131072,MLE,.12830396242478503,.1235022232749462,.255414672,2.401100953434334
7,131072,MM,.15608925674468715,.1527545120150382,.016289572,2.5962868948723425
7,131072,EmpBayesX,.1529787650689582,.15295648769114983,22.995142469,.5634236416189999
7,131072,Rescaled,.1585960519000471,.15482892130691978,22.995142469,.28171182080949997
7,131072,Rescaled_0.125,.15338453932121207,.15024337506627408,22.995142469,4.5073891329519995
7,131072,Rescaled_0.25,.15655706832092237,.1531566255351389,22.995142469,2.2536945664759997
7,131072,Rescaled_1.0,.15843318629059433,.15475396425121477,22.995142469,.5634236416189999
7,131072,Rescaled_2.0,.1585960519000471,.15482892130691978,22.995142469,.28171182080949997
7,131072,Rescaled_4.0,.1586442331013524,.1548318637904617,22.995142469,.14085591040474998
7,131072,Rescaled_8.0,.15863908097888857,.15482342627973658,22.995142469,.07042795520237499
7,131072,ExactStein,.15518586396751194,.1519028906854597,8.751573646,3.26
7,131072,ImpulseStein,.15523327756588867,.15194816750644724,7.493132822,3.22
7,131072,OracleX,.15297557491474606,.15296104482509454,22.957496271,.5573227503208723
7,131072,OracleZ,.15861116000509015,.15484766354669982,22.431865673,.22359087245263862
7,131072,Ridge,.15854275028409706,.1547821407090659,.144105755,.22359087245263862
8,256,NaiveX,.17170153875936617,.17197124116719814,47003e-9,0
8,256,NaiveZ,.1763345303408857,.1731074036261071,21511e-9,0
8,256,FullInfo,.17171710459799278,.17589013245481694,19556e-9,0
8,256,MLE,.13447872457858967,.12809976183388067,570603e-9,2.038915367881429
8,256,MM,.1740300328444902,.17470149030843662,29264e-9,2.1717737352333866
8,256,EmpBayesX,.17171827222289185,.17205871935275713,163638e-9,.07980045632634629
8,256,Rescaled,.17615132497190628,.17413290365497425,163638e-9,.039900228163173145
8,256,Rescaled_0.125,.1759277579755137,.1738869623776366,163638e-9,.6384036506107703
8,256,Rescaled_0.25,.17615132497190625,.17413290365497425,163638e-9,.31920182530538516
8,256,Rescaled_1.0,.17615132497190628,.17413290365497425,163638e-9,.07980045632634629
8,256,Rescaled_2.0,.17615132497190628,.17413290365497425,163638e-9,.039900228163173145
8,256,Rescaled_4.0,.17615132497190628,.17413290365497425,163638e-9,.019950114081586572
8,256,Rescaled_8.0,.17615132497190628,.17413290365497425,163638e-9,.009975057040793286
8,256,ExactStein,.1740300328444902,.1747014903084366,.009369976,3.59
8,256,ImpulseStein,.1740300328444902,.1747014903084366,.00690388,3.33
8,256,OracleX,.16920454214064873,.17265878998836262,177956e-9,.7129164477913185
8,256,OracleZ,.17410876073546416,.1747129785392576,122292e-9,1.1668690499760004
8,256,Ridge,.17615132497190625,.17413290365497425,452572e-9,1.1668690499760004
8,512,NaiveX,.17025225076711847,.16852502763537142,35829e-9,0
8,512,NaiveZ,.17485468550438032,.17016365881106382,34781e-9,0
8,512,FullInfo,.17275451092537253,.17179030796033268,35479e-9,0
8,512,MLE,.12693365856968977,.11967901116878664,.002840864,2.0026023372675046
8,512,MM,.1723236174226348,.16980389642236174,49657e-9,2.15257171392051
8,512,EmpBayesX,.17067515260162533,.16894881830294614,377212e-9,.08656863076196362
8,512,Rescaled,.17443051328681108,.1704922430580479,377212e-9,.04328431538098181
8,512,Rescaled_0.125,.17417984905826273,.17035365793746288,377212e-9,.692549046095709
8,512,Rescaled_0.25,.17433282210776332,.17030018535129587,377212e-9,.3462745230478545
8,512,Rescaled_1.0,.17443051328681108,.1704922430580479,377212e-9,.08656863076196362
8,512,Rescaled_2.0,.17443051328681108,.1704922430580479,377212e-9,.04328431538098181
8,512,Rescaled_4.0,.17492686208622144,.17017519750256577,377212e-9,.021642157690490906
8,512,Rescaled_8.0,.17492686208622144,.17017519750256577,377212e-9,.010821078845245453
8,512,ExactStein,.1723236174226348,.16980389642236174,.018568353,3.29
8,512,ImpulseStein,.1741112696033403,.1703433126507844,.014985286,.92
8,512,OracleX,.17059526164123695,.16913145646252709,385594e-9,.11863627089460703
8,512,OracleZ,.17462461060007656,.17059690904223362,409899e-9,.09524400184766549
8,512,Ridge,.17435645815914294,.17044752209603298,679975e-9,.09524400184766549
8,1024,NaiveX,.15719391951706735,.15998675584027877,66768e-9,0
8,1024,NaiveZ,.16182987291217305,.16158865174506834,65511e-9,0
8,1024,FullInfo,.16001764748156772,.16346466846694735,64813e-9,0
8,1024,MLE,.1258418365849226,.12171091717969913,.001916934,2.2398313903063793
8,1024,MM,.15950910557029466,.16095820299698468,91213e-9,2.394676469576894
8,1024,EmpBayesX,.15733174428461152,.16018579402628297,.001596153,.08656863076196362
8,1024,Rescaled,.16176151144803552,.1619010877142406,.001596153,.04328431538098181
8,1024,Rescaled_0.125,.161535597791362,.1618041936958874,.001596153,.692549046095709
8,1024,Rescaled_0.25,.1616446598165568,.1621242777029218,.001596153,.3462745230478545
8,1024,Rescaled_1.0,.16180094585066312,.1619010152669168,.001596153,.08656863076196362
8,1024,Rescaled_2.0,.16176151144803552,.1619010877142406,.001596153,.04328431538098181
8,1024,Rescaled_4.0,.1617769681928822,.16188478821455163,.001596153,.021642157690490906
8,1024,Rescaled_8.0,.1617769681928822,.16188478821455163,.001596153,.010821078845245453
8,1024,ExactStein,.15908335661194878,.15959788138829595,.045608454,3.64
8,1024,ImpulseStein,.1613112036901999,.1616471796280672,.034505505,1.02
8,1024,OracleX,.15733174428461152,.16018579402628297,.001590426,.08656863076196362
8,1024,OracleZ,.16165110400083194,.16212842107912193,.00158435,.24926497772110132
8,1024,Ridge,.1616446598165568,.1621242777029218,.001144839,.24926497772110132
8,2048,NaiveX,.16093016553608355,.16227891655120014,135911e-9,0
8,2048,NaiveZ,.16649312879325603,.1635919426496676,132e-6,0
8,2048,FullInfo,.16395485819452288,.1656985293267002,132978e-9,0
8,2048,MLE,.1320984280409437,.12719108736434148,.0047652,2.307772553205688
8,2048,MM,.1637145531817262,.1626729646054263,177746e-9,2.4794711545782104
8,2048,EmpBayesX,.1610853130892202,.16247405752902844,.006103709,.1757615174418635
8,2048,Rescaled,.1664535612240589,.16371397518828423,.006103709,.08788075872093175
8,2048,Rescaled_0.125,.1651717731918979,.16359032913611538,.006103709,1.406092139534908
8,2048,Rescaled_0.25,.16562466988554153,.16389484573868146,.006103709,.703046069767454
8,2048,Rescaled_1.0,.16625439576242806,.1638121078183677,.006103709,.1757615174418635
8,2048,Rescaled_2.0,.1664535612240589,.16371397518828423,.006103709,.08788075872093175
8,2048,Rescaled_4.0,.1664289016074411,.16368490477295955,.006103709,.043940379360465874
8,2048,Rescaled_8.0,.1664289016074411,.16368490477295955,.006103709,.021970189680232937
8,2048,ExactStein,.16271696275133912,.16138242058223634,.106959132,3.9
8,2048,ImpulseStein,.16446076200260962,.16335984382308494,.106285862,2.12
8,2048,OracleX,.1610853130892202,.16247405752902844,.006086109,.1757615174418635
8,2048,OracleZ,.16587202167812048,.16408496246905632,.005607766,.4579012851518093
8,2048,Ridge,.16623041318234455,.16400274589196295,.002828502,.4579012851518093
8,4096,NaiveX,.14967690149817955,.1507883468185855,280203e-9,0
8,4096,NaiveZ,.155740762595047,.1527332250640403,281112e-9,0
8,4096,FullInfo,.15418661279152174,.15461349978698463,275733e-9,0
8,4096,MLE,.12491046301520083,.1204051544871249,.008157182,2.413955664767506
8,4096,MM,.15302431052493104,.15133907916027273,36499e-8,2.6177087290675445
8,4096,EmpBayesX,.14976228927483787,.15090026159105513,.023314976,.05551176162090652
8,4096,Rescaled,.15574489716609236,.15274418568710654,.023314976,.02775588081045326
8,4096,Rescaled_0.125,.1554870561832718,.1526841548288905,.023314976,.44409409296725216
8,4096,Rescaled_0.25,.15572705093399955,.15275873033038373,.023314976,.22204704648362608
8,4096,Rescaled_1.0,.15574489716609236,.15274418568710652,.023314976,.05551176162090652
8,4096,Rescaled_2.0,.15574489716609236,.15274418568710654,.023314976,.02775588081045326
8,4096,Rescaled_4.0,.15574489716609236,.15274418568710654,.023314976,.01387794040522663
8,4096,Rescaled_8.0,.155740762595047,.1527332250640403,.023314976,.006938970202613315
8,4096,ExactStein,.1535303775413164,.1516079878011685,.208772778,2.39
8,4096,ImpulseStein,.1530494413559651,.15138101463571313,.170302802,2.52
8,4096,OracleX,.14976228927483787,.15090026159105513,.023982031,.05551176162090652
8,4096,OracleZ,.15560137027471058,.15280085033144752,.021525852,.2824330451586681
8,4096,Ridge,.15545631321669737,.15270668186903236,.004806687,.2824330451586681
8,8192,NaiveX,.15094294238802433,.15184232037435713,594209e-9,0
8,8192,NaiveZ,.15737954506642177,.15393785785110964,590787e-9,0
8,8192,FullInfo,.15536641740910903,.1560302927158474,58108e-8,0
8,8192,MLE,.12815326719378378,.12348363478677639,.015518803,2.413447029396273
8,8192,MM,.15452198881263737,.15196622559533546,755892e-9,2.5805528240983167
8,8192,EmpBayesX,.15113404371792039,.1519376941503768,.090638202,.13928243518582814
8,8192,Rescaled,.15732570558362663,.15395599526994547,.090638202,.06964121759291407
8,8192,Rescaled_0.125,.15657247819292427,.15337162750711197,.090638202,1.1142594814866251
8,8192,Rescaled_0.25,.15687752515096226,.1537391382184666,.090638202,.5571297407433126
8,8192,Rescaled_1.0,.1572552468605914,.1539008857965224,.090638202,.13928243518582814
8,8192,Rescaled_2.0,.15732570558362663,.15395599526994547,.090638202,.06964121759291407
8,8192,Rescaled_4.0,.15737150389663648,.1539544939153139,.090638202,.034820608796457035
8,8192,Rescaled_8.0,.15737347450921602,.1539374428039319,.090638202,.017410304398228518
8,8192,ExactStein,.1539891256607443,.15169152903397554,.430332587,3.02
8,8192,ImpulseStein,.15177049823570943,.1493692059567011,.352757218,4.86
8,8192,OracleX,.15113073955993006,.15195309042705218,.090867561,.14731999547987135
8,8192,OracleZ,.15732570558362663,.15395599526994547,.089473389,.059648269286508675
8,8192,Ridge,.15707674342311384,.1539103529789192,.009350281,.059648269286508675
8,16384,NaiveX,.15453653905616874,.15492559805173417,.00127607,0
8,16384,NaiveZ,.16041174916212184,.15673796271026874,.001251695,0
8,16384,FullInfo,.15827686456373302,.1587274888717343,.001246527,0
8,16384,MLE,.13023010559091416,.1257447382887404,.031357899,2.37705984484706
8,16384,MM,.15767785808361062,.15473860502276893,.001603905,2.5615588566071312
8,16384,EmpBayesX,.15458783538495507,.15484073931953563,.369024651,.29900924091519243
8,16384,Rescaled,.160367663598368,.1567159051712399,.369024651,.14950462045759622
8,16384,Rescaled_0.125,.15782933630235244,.1548275510472226,.369024651,2.3920739273215395
8,16384,Rescaled_0.25,.15942169645240545,.15607480524140963,.369024651,1.1960369636607697
8,16384,Rescaled_1.0,.16014996942451265,.15666707936190738,.369024651,.29900924091519243
8,16384,Rescaled_2.0,.160367663598368,.1567159051712399,.369024651,.14950462045759622
8,16384,Rescaled_4.0,.16038302237465873,.15673381710760576,.369024651,.07475231022879811
8,16384,Rescaled_8.0,.1603948099259144,.1567557681704183,.369024651,.037376155114399054
8,16384,ExactStein,.15719585646436285,.15436241969999925,.902993181,2.99
8,16384,ImpulseStein,.15584364175807008,.15314660890993295,.746713042,3.95
8,16384,OracleX,.15458121484343865,.15495773001833674,.368284403,.012164503064425342
8,16384,OracleZ,.1603761000072627,.1567678641977685,.353359879,.04105016895913735
8,16384,Ridge,.16012564118656003,.15670395560736883,.018079813,.04105016895913735
8,32768,NaiveX,.1533096287328291,.1536299251858786,.002689937,0
8,32768,NaiveZ,.15899378156920868,.15535255726730268,.002726604,0
8,32768,FullInfo,.1567845986864325,.15728984309853702,.002647823,0
8,32768,MLE,.12819664296913016,.12407318046289986,.062552787,2.376544954234966
8,32768,MM,.1562231452570263,.15331732883754207,.003354617,2.5668448906817334
8,32768,EmpBayesX,.15339661928406767,.15363628748381686,1.358867842,.3357033335997606
8,32768,Rescaled,.15889955718483123,.15534740008972897,1.358867842,.1678516667998803
8,32768,Rescaled_0.125,.156090286550739,.15323417755845234,1.358867842,2.685626668798085
8,32768,Rescaled_0.25,.15778749032751477,.15459396715635443,1.358867842,1.3428133343990425
8,32768,Rescaled_1.0,.15877332714950448,.1553562935468511,1.358867842,.3357033335997606
8,32768,Rescaled_2.0,.15889955718483123,.15534740008972897,1.358867842,.1678516667998803
8,32768,Rescaled_4.0,.15895247787262012,.1553484307532213,1.358867842,.08392583339994016
8,32768,Rescaled_8.0,.15898045865757052,.15536336226686476,1.358867842,.04196291669997008
8,32768,ExactStein,.15540850710006152,.15258484809106782,1.899013625,3.28
8,32768,ImpulseStein,.15479812303756543,.1520886598402724,1.58486809,3.65
8,32768,OracleX,.15334305074080157,.1536569766662209,1.370510523,.11464676559780881
8,32768,OracleZ,.15893375380850625,.155373546803248,1.374565439,.13557303291777284
8,32768,Ridge,.1587525709651571,.15535662637423153,.035358617,.13557303291777284
8,65536,NaiveX,.15342976350208293,.15325507706207692,.006049652,0
8,65536,NaiveZ,.1591793837441866,.15510985200224836,.006525969,0
8,65536,FullInfo,.15716430171875972,.15698831123524776,.005994757,0
8,65536,MLE,.12906172640289112,.12435210636525994,.158606063,2.3899000080917236
8,65536,MM,.15637860194127085,.15293492912337514,.00728745,2.5769362321297162
8,65536,EmpBayesX,.15360914815545396,.1533293772992797,5.489898541,.3112683478385615
8,65536,Rescaled,.15914439205843853,.1551243766761915,5.489898541,.15563417391928075
8,65536,Rescaled_0.125,.15649821046747625,.15303880529106534,5.489898541,2.490146782708492
8,65536,Rescaled_0.25,.1581931227384721,.15448597570765624,5.489898541,1.245073391354246
8,65536,Rescaled_1.0,.1590479864675772,.1550973977092298,5.489898541,.3112683478385615
8,65536,Rescaled_2.0,.15914439205843853,.1551243766761915,5.489898541,.15563417391928075
8,65536,Rescaled_4.0,.1591729022528291,.15512228716542215,5.489898541,.07781708695964037
8,65536,Rescaled_8.0,.1591803128506748,.1551154255664516,5.489898541,.03890854347982019
8,65536,ExactStein,.15579758425922918,.15241483188807156,4.086606195,3.02
8,65536,ImpulseStein,.15530698830055917,.15198297530524565,3.471271801,3.38
8,65536,OracleX,.1535969146518455,.15333279586152143,5.513224622,.2987939268925849
8,65536,OracleZ,.1591219151823598,.15513672272003043,5.38152652,.17148351407661294
8,65536,Ridge,.15899624111135988,.15509284243488747,.072973595,.17148351407661294
8,131072,NaiveX,.15301387433420058,.1529125393880703,.013630923,0
8,131072,NaiveZ,.15886337935842984,.15477326125094565,.013182472,0
8,131072,FullInfo,.15675882729943075,.15675576285231624,.013072054,0
8,131072,MLE,.12803997682688306,.12331736578996211,.29075087,2.4042868931163732
8,131072,MM,.15613307174536645,.1527316321970824,.016289642,2.602265108843678
8,131072,EmpBayesX,.15319548313127873,.15303187307149052,22.546177346,.3517274832136979
8,131072,Rescaled,.15881897111764606,.15479480666227113,22.546177346,.17586374160684895
8,131072,Rescaled_0.125,.15584445030677804,.1524813777719032,22.546177346,2.813819865709583
8,131072,Rescaled_0.25,.15775391781154424,.15405436432500796,22.546177346,1.4069099328547916
8,131072,Rescaled_1.0,.15872269431764094,.15475418460170032,22.546177346,.3517274832136979
8,131072,Rescaled_2.0,.15881897111764606,.15479480666227113,22.546177346,.17586374160684895
8,131072,Rescaled_4.0,.15885082926956204,.154791247869557,22.546177346,.08793187080342448
8,131072,Rescaled_8.0,.15886778545931016,.15479024297022576,22.546177346,.04396593540171224
8,131072,ExactStein,.15504907653729405,.15177653660400453,8.814163659,3.39
8,131072,ImpulseStein,.15521782883302523,.1519479348999774,7.512012457,3.24
8,131072,OracleX,.15318644367781198,.15303698636538912,22.765664964,.3965467731169931
8,131072,OracleZ,.1588312846638511,.1548044395316006,22.425783545,.12418057226721461
8,131072,Ridge,.1586962019540836,.15475715521803693,.144000016,.12418057226721461
9,256,NaiveX,.1733007849312579,.17177613641662437,50985e-9,0
9,256,NaiveZ,.17906244968615892,.17418636412854624,21232e-9,0
9,256,FullInfo,.17776259792000731,.17589013245481694,20533e-9,0
9,256,MLE,.13266611653506788,.13157750705946186,573606e-9,2.0093206309925673
9,256,MM,.17690181440067998,.17367956828552505,29264e-9,2.161096553298394
9,256,EmpBayesX,.17399124508185862,.17366594052437137,138704e-9,2.0129100619507305
9,256,Rescaled,.17792270251645714,.17436969280427572,138704e-9,1.0064550309753653
9,256,Rescaled_0.125,.1652326389827303,.16076038870796733,138704e-9,16.103280495605844
9,256,Rescaled_0.25,.16818695367592032,.16407125148497595,138704e-9,8.051640247802922
9,256,Rescaled_1.0,.17690181440067998,.17367956828552505,138704e-9,2.0129100619507305
9,256,Rescaled_2.0,.17792270251645714,.17436969280427572,138704e-9,1.0064550309753653
9,256,Rescaled_4.0,.17878139716688166,.17449969815154373,138704e-9,.5032275154876826
9,256,Rescaled_8.0,.17906244968615895,.17418636412854624,138704e-9,.2516137577438413
9,256,ExactStein,.17625405572081979,.1735981359112119,.011152256,4.63
9,256,ImpulseStein,.175227691580637,.17285877932286037,.006960871,5
9,256,OracleX,.17399124508185862,.17366594052437137,144432e-9,2.0129100619507305
9,256,OracleZ,.1784907404629003,.17455217963564396,138844e-9,.6431331621990902
9,256,Ridge,.1788328139889353,.17414982802773593,455225e-9,.6431331621990902
9,512,NaiveX,.16943120535992912,.16910898300964727,36108e-9,0
9,512,NaiveZ,.1727784819980405,.16990307038307048,34432e-9,0
9,512,FullInfo,.17215282817064426,.17179030796033268,34501e-9,0
9,512,MLE,.12308848820552677,.12301836390668217,.00101668,2.0072254115685872
9,512,MM,.17245432500958946,.16951946199335893,51054e-9,2.1927190471285636
9,512,EmpBayesX,.16943120535992912,.16910898300964727,367505e-9,0
9,512,Rescaled,.1727784819980405,.16990307038307048,367505e-9,0
9,512,Rescaled_0.125,.1727784819980405,.16990307038307048,367505e-9,0
9,512,Rescaled_0.25,.1727784819980405,.16990307038307048,367505e-9,0
9,512,Rescaled_1.0,.1727784819980405,.16990307038307048,367505e-9,0
9,512,Rescaled_2.0,.1727784819980405,.16990307038307048,367505e-9,0
9,512,Rescaled_4.0,.1727784819980405,.16990307038307048,367505e-9,0
9,512,Rescaled_8.0,.1727784819980405,.16990307038307048,367505e-9,0
9,512,ExactStein,.17169568077887767,.1686316131053986,.020244404,4.33
9,512,ImpulseStein,.17169568077887767,.1686316131053986,.015060295,4.33
9,512,OracleX,.1689127968001031,.16935243418751944,365619e-9,1.1148259728055079
9,512,OracleZ,.17323241827377805,.17023547907431033,343061e-9,.3081850265972327
9,512,Ridge,.17362642857149804,.16957230166628537,680254e-9,.3081850265972327
9,1024,NaiveX,.1639813328946208,.16043017023270068,6572e-8,0
9,1024,NaiveZ,.1679563695750459,.16177637448655674,64813e-9,0
9,1024,FullInfo,.16635943678448475,.16346466846694735,64952e-9,0
9,1024,MLE,.12797503068945434,.12198541741371532,.001920775,2.2371252038325258
9,1024,MM,.16695141339967323,.1613501146036148,90933e-9,2.4125784572843427
9,1024,EmpBayesX,.1639813328946208,.16043017023270068,.001523797,0
9,1024,Rescaled,.1679563695750459,.16177637448655674,.001523797,0
9,1024,Rescaled_0.125,.1679563695750459,.16177637448655674,.001523797,0
9,1024,Rescaled_0.25,.1679563695750459,.16177637448655674,.001523797,0
9,1024,Rescaled_1.0,.1679563695750459,.16177637448655674,.001523797,0
9,1024,Rescaled_2.0,.1679563695750459,.16177637448655674,.001523797,0
9,1024,Rescaled_4.0,.1679563695750459,.16177637448655674,.001523797,0
9,1024,Rescaled_8.0,.1679563695750459,.16177637448655674,.001523797,0
9,1024,ExactStein,.1666383363431802,.16116869701261732,.044583044,3.05
9,1024,ImpulseStein,.16673476592762784,.16130975318068336,.036011074,2.96
9,1024,OracleX,.16341713774911762,.16106818752327337,.00152261,1.069634370309261
9,1024,OracleZ,.16756894418833276,.1622111413821038,.001557181,.36985793905291453
9,1024,Ridge,.1675911341859374,.1620633730930251,.001155175,.36985793905291453
9,2048,NaiveX,.16489095201877307,.1623060989794325,132768e-9,0
9,2048,NaiveZ,.16935992134188968,.1635747750869515,135143e-9,0
9,2048,FullInfo,.16748765062627557,.1656985293267002,133536e-9,0
9,2048,MLE,.1345281861585747,.1285531087013852,.00381522,2.3185017344375476
9,2048,MM,.16756075337548204,.16263694873689727,18955e-8,2.5054134207634595
9,2048,EmpBayesX,.16493412733787616,.16243771272682228,.006874478,.05672391456978891
9,2048,Rescaled,.1693061789052479,.16358958824105768,.006874478,.028361957284894455
9,2048,Rescaled_0.125,.1690538567403382,.16388549859644652,.006874478,.4537913165583113
9,2048,Rescaled_0.25,.16918996640223133,.16385720898628986,.006874478,.22689565827915564
9,2048,Rescaled_1.0,.16902678051226283,.16377589929076058,.006874478,.05672391456978891
9,2048,Rescaled_2.0,.1693061789052479,.16358958824105768,.006874478,.028361957284894455
9,2048,Rescaled_4.0,.16935992134188968,.1635747750869515,.006874478,.014180978642447228
9,2048,Rescaled_8.0,.16935992134188968,.1635747750869515,.006874478,.007090489321223614
9,2048,ExactStein,.1660246124464368,.16178053455421532,.099661975,3.73
9,2048,ImpulseStein,.166328986464529,.16206028695594235,.08116947,3.37
9,2048,OracleX,.16422259465925862,.16247603557432305,.005868134,1.3012098069883982
9,2048,OracleZ,.16905001394003513,.16388797425578727,.006127245,.44307744466145255
9,2048,Ridge,.16905001394003513,.16388797425578727,.002119054,.44307744466145255
9,4096,NaiveX,.1530913954327322,.15124137883965877,279155e-9,0
9,4096,NaiveZ,.1581219272644753,.15269717699576657,.001150286,0
9,4096,FullInfo,.15593042644513483,.15461349978698463,276502e-9,0
9,4096,MLE,.1266801692757188,.1203070150495864,.007442706,2.408208345851348
9,4096,MM,.1554511259481664,.15126733145889032,366527e-9,2.6094423377207776
9,4096,EmpBayesX,.1532096465449747,.15132865535090165,.023363236,.035219027752546504
9,4096,Rescaled,.1581442904566056,.1526460110821759,.023363236,.017609513876273252
9,4096,Rescaled_0.125,.15810877867001472,.1526466914014047,.023363236,.28175222202037203
9,4096,Rescaled_0.25,.1582019327972189,.15258116779343828,.023363236,.14087611101018602
9,4096,Rescaled_1.0,.15814679955660343,.15263968935868827,.023363236,.035219027752546504
9,4096,Rescaled_2.0,.1581442904566056,.1526460110821759,.023363236,.017609513876273252
9,4096,Rescaled_4.0,.1581219272644753,.15269717699576657,.023363236,.008804756938136626
9,4096,Rescaled_8.0,.1581219272644753,.15269717699576657,.023363236,.004402378469068313
9,4096,ExactStein,.15524455934559472,.15087991965250244,.207980498,3.14
9,4096,ImpulseStein,.15347068790647328,.1497597858502604,.169541322,4.03
9,4096,OracleX,.15318346127035629,.15140358370063772,.023430074,.24784133757825233
9,4096,OracleZ,.15808006145446693,.1527246460409279,.022584157,.41492174710160484
9,4096,Ridge,.15808006145446693,.1527246460409279,.004954122,.41492174710160484
9,8192,NaiveX,.15341574986669126,.15239013366998438,588832e-9,0
9,8192,NaiveZ,.15884477993813126,.15408377076166513,581499e-9,0
9,8192,FullInfo,.15665886731369513,.1560302927158474,579753e-9,0
9,8192,MLE,.12895443862274814,.12331487040728205,.015614974,2.4086617257564407
9,8192,MM,.1562473710130597,.1522713812854246,768184e-9,2.5721481742728427
9,8192,EmpBayesX,.15359186246181813,.15256747168227608,.092927879,.4979253323769609
9,8192,Rescaled,.15887218820495383,.153941209404949,.092927879,.24896266618848045
9,8192,Rescaled_0.125,.15427042591103562,.15046391750512136,.092927879,3.9834026590156872
9,8192,Rescaled_0.25,.1571960481118227,.152938971275616,.092927879,1.9917013295078436
9,8192,Rescaled_1.0,.15863712059964857,.15404009057850598,.092927879,.4979253323769609
9,8192,Rescaled_2.0,.15887218820495383,.153941209404949,.092927879,.24896266618848045
9,8192,Rescaled_4.0,.1588060232021496,.1540230374211638,.092927879,.12448133309424023
9,8192,Rescaled_8.0,.15879548368694973,.15404170537596595,.092927879,.06224066654712011
9,8192,ExactStein,.15520271202081856,.1513694677629086,.432237089,3.53
9,8192,ImpulseStein,.1578272058733209,.15342822389924232,.354788622,1.47
9,8192,OracleX,.15358641378813215,.15257931333106617,.093022164,.5125392033077221
9,8192,OracleZ,.15884477993813126,.15408377076166513,.095176,0
9,8192,Ridge,.1586749446517647,.15400807759855004,.009726865,0
9,16384,NaiveX,.15601855388575747,.1551068677536014,.001255536,0
9,16384,NaiveZ,.16128377052425824,.15681054693716862,.001264267,0
9,16384,FullInfo,.159255214249298,.1587274888717343,.001259238,0
9,16384,MLE,.1305805473807054,.1252440647963945,.03180153,2.3662170230900137
9,16384,MM,.15856006707786696,.154775325955594,.00159294,2.544291026666619
9,16384,EmpBayesX,.15603781185782264,.15514794040923446,.371906162,.036912388579076874
9,16384,Rescaled,.161254069430449,.15680103529967204,.371906162,.018456194289538437
9,16384,Rescaled_0.125,.1612094428841763,.15678666170388184,.371906162,.295299108632615
9,16384,Rescaled_0.25,.16127675915814124,.1568357470450625,.371906162,.1476495543163075
9,16384,Rescaled_1.0,.16126918614767935,.15682418297618586,.371906162,.036912388579076874
9,16384,Rescaled_2.0,.161254069430449,.15680103529967204,.371906162,.018456194289538437
9,16384,Rescaled_4.0,.16128350332617833,.1568104974283308,.371906162,.009228097144769219
9,16384,Rescaled_8.0,.16128350332617833,.1568104974283308,.371906162,.004614048572384609
9,16384,ExactStein,.15763357255861216,.153840884427783,.905496153,3.5
9,16384,ImpulseStein,.15685881123117237,.15317996804964684,.747845658,3.96
9,16384,OracleX,.1560339149945834,.15516545397171996,.370998924,.6148487494343695
9,16384,OracleZ,.1610895267793227,.15685724426698516,.368846486,.4287633187905996
9,16384,Ridge,.1610955363666721,.15681721729053058,.018520442,.4287633187905996
9,32768,NaiveX,.1540139220531593,.15369014657786595,.002691892,0
9,32768,NaiveZ,.15930906657847013,.15531174989201382,.00267988,0
9,32768,FullInfo,.1573889293815512,.15728984309853702,.002653689,0
9,32768,MLE,.12852687739628116,.12354628359865796,.064431797,2.3712728342010307
9,32768,MM,.15676303868763425,.15340398342008313,.004001347,2.558364661165718
9,32768,EmpBayesX,.15402765326230622,.1537060863250413,1.405358112,.46557348371000296
9,32768,Rescaled,.15932097144269333,.15532596079547892,1.405358112,.23278674185500148
9,32768,Rescaled_0.125,.1553046513566554,.15200003167984288,1.405358112,3.7245878696800236
9,32768,Rescaled_0.25,.15776120953016887,.15427135174101525,1.405358112,1.8622939348400118
9,32768,Rescaled_1.0,.15918287145440962,.15537427398153994,1.405358112,.46557348371000296
9,32768,Rescaled_2.0,.15932097144269333,.15532596079547892,1.405358112,.23278674185500148
9,32768,Rescaled_4.0,.15932491944766364,.1553204986990278,1.405358112,.11639337092750074
9,32768,Rescaled_8.0,.15932144603171094,.1553317774006444,1.405358112,.05819668546375037
9,32768,ExactStein,.15559564397154213,.15229717852800387,1.897056252,3.51
9,32768,ImpulseStein,.15386834523267567,.15073598750593073,1.587720827,4.74
9,32768,OracleX,.15398306766864828,.1537259557014611,1.378501973,.5978598404790746
9,32768,OracleZ,.15920476288550617,.15538577383239238,1.409945217,.4513197700167053
9,32768,Ridge,.15921442928417628,.15536342149148236,.035336616,.4513197700167053
9,65536,NaiveX,.15339763469921663,.15320030990297911,.006595042,0
9,65536,NaiveZ,.15905842404677895,.15507034607967174,.00600663,0
9,65536,FullInfo,.15716406754500503,.15698831123524776,.006013754,0
9,65536,MLE,.1288656339969611,.12412346551357924,.12512066,2.384789222757567
9,65536,MM,.15637571362162736,.15292879121906394,.007339131,2.5700881199245256
9,65536,EmpBayesX,.15347043875899744,.1532802369666099,5.644769003,.24195212172283978
9,65536,Rescaled,.15904169332358645,.155091055416954,5.644769003,.12097606086141989
9,65536,Rescaled_0.125,.1573124979070532,.1538070740006407,5.644769003,1.9356169737827182
9,65536,Rescaled_0.25,.1585008610950469,.15478289919310312,5.644769003,.9678084868913591
9,65536,Rescaled_1.0,.15902140827263736,.15509617280937069,5.644769003,.24195212172283978
9,65536,Rescaled_2.0,.15904169332358645,.155091055416954,5.644769003,.12097606086141989
9,65536,Rescaled_4.0,.1590491211229771,.1550874064929571,5.644769003,.060488030430709945
9,65536,Rescaled_8.0,.15905674506413953,.1550842223011461,5.644769003,.030244015215354973
9,65536,ExactStein,.15529365810017726,.15195667692197584,4.087819967,3.38
9,65536,ImpulseStein,.1530073018064797,.14985186967078923,3.473495686,5
9,65536,OracleX,.15340309557464943,.15329545566327885,5.652956497,.597707976595933
9,65536,OracleZ,.1590263229381429,.155124029396775,5.671784589,.1930069144473932
9,65536,Ridge,.15892892185265348,.15506217491407426,.072667621,.1930069144473932
9,131072,NaiveX,.15278330462270925,.15287158786522084,.013107044,0
9,131072,NaiveZ,.15869168102870287,.1548195789726524,.013238345,0
9,131072,FullInfo,.15670944738815276,.15675576285231624,.013653831,0
9,131072,MLE,.1279487856223855,.12340473439745395,.255465028,2.402488860196463
9,131072,MM,.1560773335361596,.15267733645381082,.015772746,2.599459539976734
9,131072,EmpBayesX,.15286538508945197,.15297974963582767,23.150021871,.2064822121970325
9,131072,Rescaled,.15870390594488443,.15484958964212325,23.150021871,.10324110609851625
9,131072,Rescaled_0.125,.1573739885042647,.15385179907475405,23.150021871,1.65185769757626
9,131072,Rescaled_0.25,.15828330827324533,.15459484555618513,23.150021871,.82592884878813
9,131072,Rescaled_1.0,.15868157780625702,.1548725659894678,23.150021871,.2064822121970325
9,131072,Rescaled_2.0,.15870390594488443,.15484958964212325,23.150021871,.10324110609851625
9,131072,Rescaled_4.0,.1587113884495275,.1548338801736128,23.150021871,.051620553049258125
9,131072,Rescaled_8.0,.15870291863437808,.1548275532273459,23.150021871,.025810276524629062
9,131072,ExactStein,.15494267850759708,.15163699089029428,8.796373268,3.43
9,131072,ImpulseStein,.15342150664790413,.15028416948682832,7.52044614,4.42
9,131072,OracleX,.15284706695093458,.1529965410291369,23.056462209,.4017797453809658
9,131072,OracleZ,.15867339221990265,.15487994273691919,22.444753555,.22412375770721613
9,131072,Ridge,.15858963779488755,.1548237205272981,.143701305,.22412375770721613
10,256,NaiveX,.17602341094754145,.17335037536617454,47562e-9,0
10,256,NaiveZ,.17862169707834857,.1735014139529432,21092e-9,0
10,256,FullInfo,.17740656417024175,.17589013245481694,20393e-9,0
10,256,MLE,.13404109905424744,.13157750705946186,576679e-9,2.059888056657233
10,256,MM,.17720930137183105,.17444466242764256,29753e-9,2.2219843589322026
10,256,EmpBayesX,.17739780551819279,.17402533972756712,128927e-9,.1846837905867488
10,256,Rescaled,.17862169707834857,.1735014139529432,128927e-9,.0923418952933744
10,256,Rescaled_0.125,.17755379852492303,.17519370658360506,128927e-9,1.4774703246939904
10,256,Rescaled_0.25,.17826733392782634,.17416434493646776,128927e-9,.7387351623469952
10,256,Rescaled_1.0,.1787875995452329,.17356416100424615,128927e-9,.1846837905867488
10,256,Rescaled_2.0,.17862169707834857,.1735014139529432,128927e-9,.0923418952933744
10,256,Rescaled_4.0,.17862169707834857,.1735014139529432,128927e-9,.0461709476466872
10,256,Rescaled_8.0,.17862169707834857,.1735014139529432,128927e-9,.0230854738233436
10,256,ExactStein,.17676712230359617,.17402756101470318,.00983917,3.3
10,256,ImpulseStein,.17720930137183105,.17444466242764256,.009705355,2.52
10,256,OracleX,.17730049478652155,.1741716677983933,132629e-9,.3127590436780331
10,256,OracleZ,.17755379852492303,.17519370658360506,12774e-8,1.0079237698025632
10,256,Ridge,.17826733392782634,.17416434493646776,431829e-9,1.0079237698025632
10,512,NaiveX,.1680724771612871,.16951587242963606,34921e-9,0
10,512,NaiveZ,.17171208927432657,.16954824742531016,33873e-9,0
10,512,FullInfo,.16950441243207803,.17179030796033268,32755e-9,0
10,512,MLE,.12056848019106572,.11844076196851328,.0010208,2.0253239224287367
10,512,MM,.1708475427464436,.17029564671151962,48889e-9,2.214266089994572
10,512,EmpBayesX,.16956805390740926,.17007474223020908,421282e-9,.9732589611144573
10,512,Rescaled,.1713938377844722,.17048752301615336,421282e-9,.48662948055722866
10,512,Rescaled_0.125,.1631934043747741,.163267412240941,421282e-9,7.7860716889156585
10,512,Rescaled_0.25,.16894297876275063,.1678110125411647,421282e-9,3.8930358444578292
10,512,Rescaled_1.0,.17137743124931404,.170519572628951,421282e-9,.9732589611144573
10,512,Rescaled_2.0,.1713938377844722,.17048752301615336,421282e-9,.48662948055722866
10,512,Rescaled_4.0,.17200992018481195,.16969406910315446,421282e-9,.24331474027861433
10,512,Rescaled_8.0,.17171208927432657,.16954824742531016,421282e-9,.12165737013930716
10,512,ExactStein,.1701948220749817,.16907222853122697,.020186505,3.6
10,512,ImpulseStein,.17019482207498174,.16907222853122697,.013883539,3.48
10,512,OracleX,.168958517665189,.17023262274894232,428476e-9,.3136218825029563
10,512,OracleZ,.17139789933997995,.17089042340116878,350324e-9,1.3081270497034743
10,512,Ridge,.1717636672481636,.1700558230191097,673759e-9,1.3081270497034743
10,1024,NaiveX,.16138949663814445,.1610744611327523,6607e-8,0
10,1024,NaiveZ,.16530500670343384,.1621430085260647,65162e-9,0
10,1024,FullInfo,.16429742511973067,.16346466846694735,63905e-9,0
10,1024,MLE,.12566336766090774,.12201550053254606,.00313741,2.253991765691157
10,1024,MM,.16322069769411524,.16096323669640655,89886e-9,2.4352017098451
10,1024,EmpBayesX,.16224469163813282,.16114705771159582,.001535181,1.1217283852351663
10,1024,Rescaled,.16502538901518485,.16241374767398925,.001535181,.5608641926175831
10,1024,Rescaled_0.125,.15398595133508022,.152453576688787,.001535181,8.97382708188133
10,1024,Rescaled_0.25,.1595600019535204,.1577085147621192,.001535181,4.486913540940665
10,1024,Rescaled_1.0,.1644940305459931,.16216091459227316,.001535181,1.1217283852351663
10,1024,Rescaled_2.0,.16502538901518485,.16241374767398925,.001535181,.5608641926175831
10,1024,Rescaled_4.0,.16493698255145095,.16209887917872987,.001535181,.28043209630879157
10,1024,Rescaled_8.0,.16512564343894426,.16216808640917169,.001535181,.14021604815439578
10,1024,ExactStein,.1622625760311508,.16016029903882717,.044551266,3.8
10,1024,ImpulseStein,.1622625760311508,.16016029903882717,.03466621,3.76
10,1024,OracleX,.162002455973358,.161297605365986,.001567797,.5300401700908711
10,1024,OracleZ,.16483840351275755,.16246155249211885,.001321397,.5897800635190075
10,1024,Ridge,.16493698255145095,.16209887917872987,.002160959,.5897800635190075
10,2048,NaiveX,.16216927506631063,.1622470625734806,133327e-9,0
10,2048,NaiveZ,.16761700110259922,.16444175613641188,133257e-9,0
10,2048,FullInfo,.16658547424196582,.1656985293267002,13193e-8,0
10,2048,MLE,.1331201924383859,.12869513808952276,.003747753,2.320050979817414
10,2048,MM,.16527103921050554,.16264202400008174,176698e-9,2.5024542598742214
10,2048,EmpBayesX,.16327142481054796,.16280817899633027,.006652243,.5727930008103884
10,2048,Rescaled,.16741932501152612,.16444857208384484,.006652243,.2863965004051942
10,2048,Rescaled_0.125,.163319555589917,.16058564303347472,.006652243,4.582344006483107
10,2048,Rescaled_0.25,.16569922691669997,.1628647978404165,.006652243,2.2911720032415537
10,2048,Rescaled_1.0,.1673514081914488,.16447658894045816,.006652243,.5727930008103884
10,2048,Rescaled_2.0,.16741932501152612,.16444857208384484,.006652243,.2863965004051942
10,2048,Rescaled_4.0,.16741932501152612,.16444857208384484,.006652243,.1431982502025971
10,2048,Rescaled_8.0,.1675561851046415,.1644049400670391,.006652243,.07159912510129855
10,2048,ExactStein,.16393528042299038,.16117593006031453,.107227811,4.35
10,2048,ImpulseStein,.16677231708949977,.16399444812229833,.10489658,1.41
10,2048,OracleX,.16327142481054796,.16280817899633027,.007443614,.5727930008103884
10,2048,OracleZ,.1673329292294345,.1645223132762319,.005792077,.5851805323167818
10,2048,Ridge,.16741543601866046,.16445842845041975,.002126597,.5851805323167818
10,4096,NaiveX,.15072920374580212,.15081911819613233,279575e-9,0
10,4096,NaiveZ,.15665867730397948,.1531319197655749,281601e-9,0
10,4096,FullInfo,.15515831957141174,.15461349978698463,277969e-9,0
10,4096,MLE,.1252720034485003,.12040835345356257,.008187633,2.40133088853245
10,4096,MM,.15419402858100578,.1510718009185952,381822e-9,2.599770935380093
10,4096,EmpBayesX,.15119155494346392,.15090949071021859,.022997268,.4036344072197811
10,4096,Rescaled,.15671797721603886,.15303212992492748,.022997268,.20181720360989056
10,4096,Rescaled_0.125,.15326823860387614,.1503667766019393,.022997268,3.229075257758249
10,4096,Rescaled_0.25,.15560931864442068,.15236643794123206,.022997268,1.6145376288791244
10,4096,Rescaled_1.0,.15663770023680013,.15306277862822948,.022997268,.4036344072197811
10,4096,Rescaled_2.0,.15671797721603886,.15303212992492748,.022997268,.20181720360989056
10,4096,Rescaled_4.0,.1567114719367092,.15311046635624043,.022997268,.10090860180494528
10,4096,Rescaled_8.0,.1566763665061635,.15309746699401347,.022997268,.05045430090247264
10,4096,ExactStein,.15246418850069784,.14955468422372672,.207700923,4.26
10,4096,ImpulseStein,.15479671359989622,.15148215338026647,.169080928,2.29
10,4096,OracleX,.15091331606679168,.1509305923032638,.023056983,.64201392022596
10,4096,OracleZ,.15667099651850752,.15313411006443073,.022476951,.007742564864460416
10,4096,Ridge,.15663770023680013,.15306277862822948,.004145011,.007742564864460416
10,8192,NaiveX,.15285325391499222,.15235277558323934,593302e-9,0
10,8192,NaiveZ,.158785736148576,.1542132897034692,587644e-9,0
10,8192,FullInfo,.15697124195515433,.1560302927158474,578635e-9,0
10,8192,MLE,.1292618898835572,.12366757470430653,.016095971,2.4057559196888163
10,8192,MM,.15610102334462797,.1522553102756088,772654e-9,2.5626102377220565
10,8192,EmpBayesX,.15306496646773252,.15239952064266904,.089726982,.4602564748890274
10,8192,Rescaled,.1588201514022653,.15431671973469763,.089726982,.2301282374445137
10,8192,Rescaled_0.125,.15433103421597263,.15099027182196545,.089726982,3.682051799112219
10,8192,Rescaled_0.25,.1572628916318336,.1531977705085146,.089726982,1.8410258995561095
10,8192,Rescaled_1.0,.15880306646688008,.15428374503902512,.089726982,.4602564748890274
10,8192,Rescaled_2.0,.1588201514022653,.15431671973469763,.089726982,.2301282374445137
10,8192,Rescaled_4.0,.15876432066597568,.15428649703282898,.089726982,.11506411872225684
10,8192,Rescaled_8.0,.1588041228235746,.15426302768716546,.089726982,.05753205936112842
10,8192,ExactStein,.1534475027435479,.150108451958013,.432010872,4.71
10,8192,ImpulseStein,.15342766765113017,.15009108520605935,.35415586,4.72
10,8192,OracleX,.15306496646773252,.15239952064266904,.089353472,.4602564748890274
10,8192,OracleZ,.15881085822237492,.15433093650898072,.087874862,.1576444232024067
10,8192,Ridge,.1588705137042451,.15428612540757264,.008885697,.1576444232024067
10,16384,NaiveX,.15567905013476094,.15504385858198572,.001266502,0
10,16384,NaiveZ,.16135584566152633,.15694013113019997,.001245898,0
10,16384,FullInfo,.15956757799934312,.1587274888717343,.001248343,0
10,16384,MLE,.13100366486207574,.1255181929354554,.031434654,2.371268835204613
10,16384,MM,.15864469288784105,.15485361957199437,.001591334,2.5463256511421437
10,16384,EmpBayesX,.15569461999142808,.15505007024056636,.356802216,.4067941099015414
10,16384,Rescaled,.16134449224857147,.15690518951985766,.356802216,.2033970549507707
10,16384,Rescaled_0.125,.15768229593406652,.15416800568787142,.356802216,3.2543528792123313
10,16384,Rescaled_0.25,.16003071022008047,.15599028070917537,.356802216,1.6271764396061656
10,16384,Rescaled_1.0,.1612215015741647,.1569034919004007,.356802216,.4067941099015414
10,16384,Rescaled_2.0,.16134449224857147,.15690518951985766,.356802216,.2033970549507707
10,16384,Rescaled_4.0,.16133947345418517,.1569240192866101,.356802216,.10169852747538535
10,16384,Rescaled_8.0,.1613324804478764,.15693565066303056,.356802216,.050849263737692676
10,16384,ExactStein,.1582720908449156,.1545495987785084,.899540577,2.88
10,16384,ImpulseStein,.15710934306741503,.1537439601208356,.743769582,3.58
10,16384,OracleX,.15569461999142808,.15505007024056636,.356711423,.4067941099015414
10,16384,OracleZ,.16135209959561417,.15695838591578448,.346305001,.012186402250491281
10,16384,Ridge,.1612215015741647,.1569034919004007,.018167464,.012186402250491281
10,32768,NaiveX,.1542922479694906,.15350406004131678,.002708585,0
10,32768,NaiveZ,.16028173822837394,.15542071031331334,.002722413,0
10,32768,FullInfo,.1581960223123228,.15728984309853702,.002665632,0
10,32768,MLE,.12967342081427852,.12387005983028238,.062086527,2.3711363658536877
10,32768,MM,.15745443702538514,.15354294755271342,.003352591,2.553337278762353
10,32768,EmpBayesX,.1543281582703374,.1535548418823517,1.405373267,.10394855684668344
10,32768,Rescaled,.16027915393198164,.155420744210302,1.405373267,.05197427842334172
10,32768,Rescaled_0.125,.15983286082974904,.15527815897954497,1.405373267,.8315884547734675
10,32768,Rescaled_0.25,.16014533756518642,.1554653552869389,1.405373267,.4157942273867338
10,32768,Rescaled_1.0,.16027109484281965,.1554050054692763,1.405373267,.10394855684668344
10,32768,Rescaled_2.0,.16027915393198164,.155420744210302,1.405373267,.05197427842334172
10,32768,Rescaled_4.0,.16027301258507537,.15540994558218985,1.405373267,.02598713921167086
10,32768,Rescaled_8.0,.1602891305040463,.15541569259812793,1.405373267,.01299356960583543
10,32768,ExactStein,.15597868301212914,.1524177257442888,1.894048049,3.62
10,32768,ImpulseStein,.15645301908281295,.15282476229421849,1.583872782,3.29
10,32768,OracleX,.15429265803506592,.15357565265523326,1.421006261,.38746628118717974
10,32768,OracleZ,.16019061970579795,.15548818052728058,1.409019122,.359895063711329
10,32768,Ridge,.1601656317723054,.15547579261351327,.035473505,.359895063711329
10,65536,NaiveX,.1534595307074457,.15309847090515044,.005971709,0
10,65536,NaiveZ,.15950529479427572,.15512743056438572,.006009423,0
10,65536,FullInfo,.15744946356421732,.15698831123524776,.006493982,0
10,65536,MLE,.12932783682174562,.12417807049933229,.157237244,2.389333634550121
10,65536,MM,.15680616815329812,.15307390153666953,.007183944,2.573002356792366
10,65536,EmpBayesX,.15355993483901176,.15316064575104638,5.428965513,.41994176461609756
10,65536,Rescaled,.15948079904611642,.15515264363875655,5.428965513,.20997088230804878
10,65536,Rescaled_0.125,.15573082513006703,.15219766401039356,5.428965513,3.3595341169287805
10,65536,Rescaled_0.25,.1580842688543909,.15412255763488897,5.428965513,1.6797670584643902
10,65536,Rescaled_1.0,.15940382451504964,.15512227059602546,5.428965513,.41994176461609756
10,65536,Rescaled_2.0,.15948079904611642,.15515264363875655,5.428965513,.20997088230804878
10,65536,Rescaled_4.0,.15948734249449836,.15516431016991894,5.428965513,.10498544115402439
10,65536,Rescaled_8.0,.15950556921506193,.15515450611537102,5.428965513,.052492720577012195
10,65536,ExactStein,.15598292524057364,.15242570433827105,4.087456861,3.18
10,65536,ImpulseStein,.15573958018989276,.15220750857327753,3.473066302,3.35
10,65536,OracleX,.1535443935320635,.15316380704610583,5.447506279,.49746022434935394
10,65536,OracleZ,.15949651256822037,.15516734307637345,5.624501552,.09512539767566222
10,65536,Ridge,.15943420312370718,.15512807794890804,.072658891,.09512539767566222
10,131072,NaiveX,.1530160115958656,.15275183307590168,.013072053,0
10,131072,NaiveZ,.1591138432846878,.15476410804737756,.01366319,0
10,131072,FullInfo,.15702241892107976,.15675576285231624,.013064371,0
10,131072,MLE,.12841045679663315,.1233943179820554,.289093397,2.405062810082723
10,131072,MM,.1564834145910145,.15274467352314472,.016384556,2.601096842716392
10,131072,EmpBayesX,.15312950325357466,.15284378445132601,22.441159662,.4549572833742032
10,131072,Rescaled,.1590698955256259,.1548049142422856,22.441159662,.2274786416871016
10,131072,Rescaled_0.125,.15498234495483426,.15143397835842076,22.441159662,3.6396582669936257
10,131072,Rescaled_0.25,.15757875378469338,.15368140692198884,22.441159662,1.8198291334968129
10,131072,Rescaled_1.0,.15898961321862615,.1547810323907092,22.441159662,.4549572833742032
10,131072,Rescaled_2.0,.1590698955256259,.1548049142422856,22.441159662,.2274786416871016
10,131072,Rescaled_4.0,.1590824489890002,.1548071237312048,22.441159662,.1137393208435508
10,131072,Rescaled_8.0,.15910825655278416,.15479064793390435,22.441159662,.0568696604217754
10,131072,ExactStein,.1556021219859892,.151994049964186,8.786597933,3.24
10,131072,ImpulseStein,.15670823205448864,.15294283062964836,7.543589237,2.44
10,131072,OracleX,.15312168268782972,.15284447713394594,22.819428295,.5213482323908113
10,131072,OracleZ,.15907401122684084,.15481402924117854,22.998407899,.20969547340308042
10,131072,Ridge,.15901509300719452,.15479088379692635,.1436902,.20969547340308042
11,256,NaiveX,.17870035775807608,.17326003161774972,50077e-9,0
11,256,NaiveZ,.18408548250331958,.1747871580826659,20533e-9,0
11,256,FullInfo,.1821091816904048,.17589013245481694,19485e-9,0
11,256,MLE,.1398739060168189,.12639012999089522,571372e-9,2.0147070341292213
11,256,MM,.180719866874486,.17426180467333924,28565e-9,2.153777495099546
11,256,EmpBayesX,.17930417825979172,.17402332983149343,129625e-9,1.0587886838354887
11,256,Rescaled,.18384147093477093,.17501979889311142,129625e-9,.5293943419177444
11,256,Rescaled_0.125,.1720077299544483,.16530418590153634,129625e-9,8.47030947068391
11,256,Rescaled_0.25,.17816763808358088,.17154036678670836,129625e-9,4.235154735341955
11,256,Rescaled_1.0,.1827809580803375,.17510806924420477,129625e-9,1.0587886838354887
11,256,Rescaled_2.0,.18384147093477093,.17501979889311142,129625e-9,.5293943419177444
11,256,Rescaled_4.0,.18387337963067713,.17500940786919017,129625e-9,.2646971709588722
11,256,Rescaled_8.0,.18408548250331958,.1747871580826659,129625e-9,.1323485854794361
11,256,ExactStein,.180719866874486,.17426180467333924,.010802282,3.12
11,256,ImpulseStein,.1827809580803375,.17510806924420477,.009291685,.94
11,256,OracleX,.17930417825979172,.17402332983149343,131651e-9,1.0587886838354887
11,256,OracleZ,.1827809580803375,.17510806924420477,127391e-9,.6957107210436928
11,256,Ridge,.18408548250331958,.1747871580826659,439022e-9,.6957107210436928
11,512,NaiveX,.17001306225896712,.16936724349040883,33942e-9,0
11,512,NaiveZ,.17590919571956243,.17045318658697536,34362e-9,0
11,512,FullInfo,.1741430249371249,.17179030796033268,32895e-9,0
11,512,MLE,.12882538107612626,.1223614748904302,.001014934,1.9923537033494838
11,512,MM,.174572127596485,.1705595718305682,4833e-8,2.148132844094954
11,512,EmpBayesX,.17014937511216616,.1694811478372083,332864e-9,.769427982270662
11,512,Rescaled,.17590387900804066,.17045753403237918,332864e-9,.384713991135331
11,512,Rescaled_0.125,.16899583532883378,.1655459324567283,332864e-9,6.155423858165296
11,512,Rescaled_0.25,.17359178920533963,.1699293168445763,332864e-9,3.077711929082648
11,512,Rescaled_1.0,.175707514057075,.17069317579280394,332864e-9,.769427982270662
11,512,Rescaled_2.0,.17590387900804066,.17045753403237918,332864e-9,.384713991135331
11,512,Rescaled_4.0,.17590919571956243,.17045318658697534,332864e-9,.1923569955676655
11,512,Rescaled_8.0,.17590919571956243,.17045318658697534,332864e-9,.09617849778383275
11,512,ExactStein,.17359178920533966,.16992931684457632,.020329611,3.98
11,512,ImpulseStein,.175707514057075,.17069317579280394,.01380392,.67
11,512,OracleX,.17014937511216616,.1694811478372083,353327e-9,.769427982270662
11,512,OracleZ,.17556784587714472,.17084920757991306,399842e-9,1.7432710057907725
11,512,Ridge,.1756960745694377,.17052520526842127,682978e-9,1.7432710057907725
11,1024,NaiveX,.15918591666327137,.16003643329343936,65511e-9,0
11,1024,NaiveZ,.1654951737294057,.16212557107116835,65023e-9,0
11,1024,FullInfo,.1631802215295485,.16346466846694735,64533e-9,0
11,1024,MLE,.12814514323852638,.12371117017786595,.003160947,2.2297348150056577
11,1024,MM,.16286884511563637,.16109433687479896,90375e-9,2.389514099942361
11,1024,EmpBayesX,.15965369773728463,.16015261103516465,.001234794,1.4463909071825627
11,1024,Rescaled,.16459658867864926,.1620030958712108,.001234794,.7231954535912813
11,1024,Rescaled_0.125,.15153976823664417,.15006537562818867,.001234794,11.571127257460502
11,1024,Rescaled_0.25,.15802025909364747,.15583508382816127,.001234794,5.785563628730251
11,1024,Rescaled_1.0,.1643926894455237,.1618962424257114,.001234794,1.4463909071825627
11,1024,Rescaled_2.0,.16459658867864926,.1620030958712108,.001234794,.7231954535912813
11,1024,Rescaled_4.0,.16490088951287193,.16216837645958315,.001234794,.3615977267956407
11,1024,Rescaled_8.0,.1650611923723131,.16214677276503597,.001234794,.18079886339782034
11,1024,ExactStein,.161799615588112,.15947600444973145,.04474752,3.98
11,1024,ImpulseStein,.161799615588112,.15947600444973145,.034656782,3.98
11,1024,OracleX,.15959348456346945,.1601593781188436,.001266502,.9641286259095404
11,1024,OracleZ,.16521836461954825,.1622115791105897,.001313644,.11283802928557844
11,1024,Ridge,.16490088951287193,.16216837645958315,.002157677,.11283802928557844
11,2048,NaiveX,.16137552465042698,.16224349398797136,135213e-9,0
11,2048,NaiveZ,.1670732426263359,.1636051417202014,132908e-9,0
11,2048,FullInfo,.16453109627236176,.1656985293267002,133537e-9,0
11,2048,MLE,.13357584286345253,.12816153453941742,.003743423,2.301641810776687
11,2048,MM,.16473524309433607,.16213062827423178,177187e-9,2.471615019074774
11,2048,EmpBayesX,.16137552465042698,.16224349398797136,.00532896,0
11,2048,Rescaled,.1670732426263359,.1636051417202014,.00532896,0
11,2048,Rescaled_0.125,.1670732426263359,.1636051417202014,.00532896,0
11,2048,Rescaled_0.25,.1670732426263359,.1636051417202014,.00532896,0
11,2048,Rescaled_1.0,.1670732426263359,.1636051417202014,.00532896,0
11,2048,Rescaled_2.0,.1670732426263359,.1636051417202014,.00532896,0
11,2048,Rescaled_4.0,.1670732426263359,.1636051417202014,.00532896,0
11,2048,Rescaled_8.0,.1670732426263359,.1636051417202014,.00532896,0
11,2048,ExactStein,.16459245518423532,.16181778082566653,.100234743,2.73
11,2048,ImpulseStein,.1615737126011602,.15898358687212957,.079916937,4.97
11,2048,OracleX,.1613572645878077,.1622467006859003,.005317227,.07375031281860657
11,2048,OracleZ,.16683768528632478,.1636477484407846,.006416249,.12919350008375324
11,2048,Ridge,.16643627439836067,.1633798697802165,.002082038,.12919350008375324
11,4096,NaiveX,.15029180339149767,.15129584543597854,278457e-9,0
11,4096,NaiveZ,.15513815022462518,.15274314685799054,276153e-9,0
11,4096,FullInfo,.1529912642352469,.15461349978698463,275593e-9,0
11,4096,MLE,.12512926850598602,.12112990466870063,.008295119,2.40491265148658
11,4096,MM,.15265889980170141,.15083408186231287,371905e-9,2.604710382473325
11,4096,EmpBayesX,.15035718698035178,.15145371764691923,.022486658,.6118563718311436
11,4096,Rescaled,.15510148538658422,.1528612160919553,.022486658,.3059281859155718
11,4096,Rescaled_0.125,.14961931734223205,.14770263815720908,.022486658,4.894850974649149
11,4096,Rescaled_0.25,.15283413276080593,.15104955659735397,.022486658,2.4474254873245744
11,4096,Rescaled_1.0,.1550309787520041,.152914353392185,.022486658,.6118563718311436
11,4096,Rescaled_2.0,.15510148538658422,.1528612160919553,.022486658,.3059281859155718
11,4096,Rescaled_4.0,.15511874789581798,.15286725783128055,.022486658,.1529640929577859
11,4096,Rescaled_8.0,.15516628805696775,.15287719055317534,.022486658,.07648204647889295
11,4096,ExactStein,.15181016311789602,.15002877555809546,.207593996,3.19
11,4096,ImpulseStein,.15405927445806675,.15230710593455538,.168968135,1.51
11,4096,OracleX,.15035433239957396,.15150350497042442,.022679002,1.0547544369215118
11,4096,OracleZ,.15511059217827222,.15293513382072882,.022101275,.38900345488551363
11,4096,Ridge,.15511059217827222,.15293513382072882,.004941271,.38900345488551363
11,8192,NaiveX,.15286227502650107,.15216694441479672,597492e-9,0
11,8192,NaiveZ,.15829301919617877,.15394502664239756,587714e-9,0
11,8192,FullInfo,.1562606154154474,.1560302927158474,582616e-9,0
11,8192,MLE,.13029491115904335,.12387570893745611,.016331197,2.4044809848974684
11,8192,MM,.15546872147146185,.1520014963356733,751143e-9,2.5642417088395675
11,8192,EmpBayesX,.1530573891057017,.15228999192900733,.090491745,.01466691216186314
11,8192,Rescaled,.15830318888437547,.1539414663417718,.090491745,.00733345608093157
11,8192,Rescaled_0.125,.15827444195661214,.1540780799045234,.090491745,.11733529729490512
11,8192,Rescaled_0.25,.15826508721745086,.15395806068460355,.090491745,.05866764864745256
11,8192,Rescaled_1.0,.15827624180314462,.1539400118365575,.090491745,.01466691216186314
11,8192,Rescaled_2.0,.15830318888437547,.1539414663417718,.090491745,.00733345608093157
11,8192,Rescaled_4.0,.15830318888437547,.1539414663417718,.090491745,.003666728040465785
11,8192,Rescaled_8.0,.15829301919617877,.15394502664239756,.090491745,.0018333640202328925
11,8192,ExactStein,.15439200500420988,.15106526060858963,.432850085,3.58
11,8192,ImpulseStein,.15493945995802966,.15137799151157694,.355143485,3.1
11,8192,OracleX,.15292171581320446,.1523964244327795,.090829148,.371201213804519
11,8192,OracleZ,.15806187465492905,.15417464783734994,.090664253,.5553324549082591
11,8192,Ridge,.15811286472099859,.154068902849672,.009003939,.5553324549082591
11,16384,NaiveX,.15555762000705797,.15490742969244087,.001269854,0
11,16384,NaiveZ,.16109048285270144,.15660163066628813,.001253441,0
11,16384,FullInfo,.15874487011818106,.1587274888717343,.001242267,0
11,16384,MLE,.13177545844654645,.12579230390729865,.031789867,2.370395347037243
11,16384,MM,.15819229943774515,.15474933254123352,.001607607,2.546706748458376
11,16384,EmpBayesX,.15563696579960484,.1549599892363637,.362322331,.02345986070589089
11,16384,Rescaled,.16107705643165285,.15660181777515492,.362322331,.011729930352945445
11,16384,Rescaled_0.125,.16104902126210552,.1566841887956205,.362322331,.18767888564712712
11,16384,Rescaled_0.25,.1610897640323747,.15666701111742076,.362322331,.09383944282356356
11,16384,Rescaled_1.0,.16107814695507924,.15660973124122843,.362322331,.02345986070589089
11,16384,Rescaled_2.0,.16107705643165285,.15660181777515492,.362322331,.011729930352945445
11,16384,Rescaled_4.0,.16108181259061516,.15659564738572207,.362322331,.0058649651764727225
11,16384,Rescaled_8.0,.1610945136126006,.15660463556554793,.362322331,.0029324825882363612
11,16384,ExactStein,.15754226639806856,.15410802625884418,.904973531,3.1
11,16384,ImpulseStein,.15641731324017952,.15311568423724636,.748393004,3.96
11,16384,OracleX,.15553820905420185,.15507778304405156,.362232306,.6023463923658757
11,16384,OracleZ,.16095040307500896,.15670126784383437,.356271842,.5108446239684298
11,16384,Ridge,.1609352060961866,.15665325484270537,.018871883,.5108446239684298
11,32768,NaiveX,.153844729179145,.15366852647595053,.002685258,0
11,32768,NaiveZ,.15940417093428247,.15534957980158728,.002663257,0
11,32768,FullInfo,.15710803963331738,.15728984309853702,.002659347,0
11,32768,MLE,.12887381747451893,.12354134217255053,.065338895,2.3733979361390727
11,32768,MM,.15677727769315414,.15348852669173324,.003393379,2.5598345624629673
11,32768,EmpBayesX,.1540359601211267,.153880783671149,1.42464087,.3761592110996714
11,32768,Rescaled,.1593973621450054,.15540972109854628,1.42464087,.1880796055498357
11,32768,Rescaled_0.125,.1561037948402048,.15286983455209976,1.42464087,3.009273688797371
11,32768,Rescaled_0.25,.15827684619134363,.15465814102412337,1.42464087,1.5046368443986855
11,32768,Rescaled_1.0,.15931542727640263,.15542750976470832,1.42464087,.3761592110996714
11,32768,Rescaled_2.0,.1593973621450054,.15540972109854628,1.42464087,.1880796055498357
11,32768,Rescaled_4.0,.15941567719505442,.15539134921443942,1.42464087,.09403980277491784
11,32768,Rescaled_8.0,.15938620353662228,.15534508544867512,1.42464087,.04701990138745892
11,32768,ExactStein,.15558333737218288,.15248022812264167,1.895706849,3.43
11,32768,ImpulseStein,.1552907329468375,.1521386605926481,1.586138433,3.67
11,32768,OracleX,.1540359601211267,.153880783671149,1.374844315,.3761592110996714
11,32768,OracleZ,.15931436722740172,.15544102624882356,1.36098529,.36635498294005825
11,32768,Ridge,.15931436722740172,.15544102624882358,.035302604,.36635498294005825
11,65536,NaiveX,.15379333460462788,.1533222262511803,.006026884,0
11,65536,NaiveZ,.159312801975126,.15499604499858943,.006530788,0
11,65536,FullInfo,.1571531839423247,.15698831123524776,.005971988,0
11,65536,MLE,.12950519225158602,.12401631336882227,.124746799,2.3906199036016718
11,65536,MM,.15650842830576975,.1529955761908519,.007271036,2.5780059882620003
11,65536,EmpBayesX,.15391043257826378,.15347443441873448,5.442689185,.26108012963960947
11,65536,Rescaled,.15929560090583242,.1550479778387992,5.442689185,.13054006481980474
11,65536,Rescaled_0.125,.15731659633874298,.15364156241735732,5.442689185,2.0886410371168758
11,65536,Rescaled_0.25,.1586608304754717,.1546815312019918,5.442689185,1.0443205185584379
11,65536,Rescaled_1.0,.15923677201897302,.1550390586295998,5.442689185,.26108012963960947
11,65536,Rescaled_2.0,.15929560090583242,.1550479778387992,5.442689185,.13054006481980474
11,65536,Rescaled_4.0,.15929086017846206,.15502523205573598,5.442689185,.06527003240990237
11,65536,Rescaled_8.0,.15930826407529422,.1550168727828124,5.442689185,.032635016204951184
11,65536,ExactStein,.1556852410573869,.15224894494621005,4.087264659,3.15
11,65536,ImpulseStein,.15445097560826365,.1511471537181548,3.470382372,4.03
11,65536,OracleX,.1538995395252774,.15349533958844389,5.449699993,.3179729152738678
11,65536,OracleZ,.15922330372934324,.155055899698942,5.557728047,.3109370618864291
11,65536,Ridge,.1592025922613871,.15503846643630023,.072345932,.3109370618864291
11,131072,NaiveX,.1530400318897898,.15294260370880663,.013013387,0
11,131072,NaiveZ,.15877103362341144,.15472542198087275,.013074428,0
11,131072,FullInfo,.15672274981814935,.15675576285231624,.013655368,0
11,131072,MLE,.12840051898700028,.12341136271784021,.255570977,2.4029901779467484
11,131072,MM,.1560929651794452,.15272097579011307,.015764854,2.5992081245088943
11,131072,EmpBayesX,.1531353768793079,.15305152194707017,22.964271365,.24644180176389696
11,131072,Rescaled,.15873654272543475,.15475590799145691,22.964271365,.12322090088194848
11,131072,Rescaled_0.125,.1570259628600052,.15345267024418263,22.964271365,1.9715344141111757
11,131072,Rescaled_0.25,.1582176693042196,.1544479879241739,22.964271365,.9857672070555878
11,131072,Rescaled_1.0,.158709676435696,.15475055175479183,22.964271365,.24644180176389696
11,131072,Rescaled_2.0,.15873654272543475,.15475590799145691,22.964271365,.12322090088194848
11,131072,Rescaled_4.0,.1587586456830637,.15474171004735482,22.964271365,.06161045044097424
11,131072,Rescaled_8.0,.15876279391307938,.1547321213804536,22.964271365,.03080522522048712
11,131072,ExactStein,.1549283417035702,.1516944221478171,8.718587329,3.41
11,131072,ImpulseStein,.15322359467431346,.15012485055394817,7.491767564,4.61
11,131072,OracleX,.15311427197886426,.15306595506183857,22.911051189,.31849871316347295
11,131072,OracleZ,.1587378689261405,.15475990775461315,22.5952134,.13886725097311933
11,131072,Ridge,.1586611077276971,.15475236189146466,.145628016,.13886725097311933
12,256,NaiveX,.17920199236805545,.1740793488706089,44978e-9,0
12,256,NaiveZ,.1799737599513033,.17432419620878536,20603e-9,0
12,256,FullInfo,.17742404341131907,.17589013245481694,19277e-9,0
12,256,MLE,.13090301048651132,.12244183103062643,571442e-9,2.0440495824939453
12,256,MM,.17856012735662347,.17409314445341795,29404e-9,2.199540397859076
12,256,EmpBayesX,.1797309487814988,.17447753931650856,135631e-9,.17587939542905925
12,256,Rescaled,.1799737599513033,.17432419620878536,135631e-9,.08793969771452963
12,256,Rescaled_0.125,.17856012735662347,.17409314445341792,135631e-9,1.407035163432474
12,256,Rescaled_0.25,.17949276466107247,.1738979681395439,135631e-9,.703517581716237
12,256,Rescaled_1.0,.1799737599513033,.17432419620878536,135631e-9,.17587939542905925
12,256,Rescaled_2.0,.1799737599513033,.17432419620878536,135631e-9,.08793969771452963
12,256,Rescaled_4.0,.1799737599513033,.17432419620878536,135631e-9,.043969848857264814
12,256,Rescaled_8.0,.1799737599513033,.17432419620878536,135631e-9,.021984924428632407
12,256,ExactStein,.17825764354683155,.17416074203668827,.00934644,3.38
12,256,ImpulseStein,.1797309487814988,.17447753931650856,.006862674,.25
12,256,OracleX,.1791539179462761,.17462998689537107,149111e-9,.4605386867744469
12,256,OracleZ,.1797309487814988,.17447753931650856,130114e-9,.1917186557826395
12,256,Ridge,0,0,68724e-9,.1917186557826395
12,512,NaiveX,.17594476431114464,.17039670660947417,352e-7,0
12,512,NaiveZ,.1779350446778532,.1703992666180894,33245e-9,0
12,512,FullInfo,.17575549685150813,.17179030796033268,34012e-9,0
12,512,MLE,.13502638108822806,.12525854124945174,.002841213,2.002241520435393
12,512,MM,.17624865677779697,.16976377122452474,49657e-9,2.1603548586695336
12,512,EmpBayesX,.17618138146595802,.1705659329887836,376375e-9,.48059259220310313
12,512,Rescaled,.17787207663034457,.17069616839216795,376375e-9,.24029629610155157
12,512,Rescaled_0.125,.17470178868514163,.16817191892547698,376375e-9,3.844740737624825
12,512,Rescaled_0.25,.17624865677779697,.16976377122452474,376375e-9,1.9223703688124125
12,512,Rescaled_1.0,.17760162274352037,.17076245436148813,376375e-9,.48059259220310313
12,512,Rescaled_2.0,.17787207663034457,.17069616839216795,376375e-9,.24029629610155157
12,512,Rescaled_4.0,.1778406097514387,.17046257570819595,376375e-9,.12014814805077578
12,512,Rescaled_8.0,.1778406097514387,.17046257570819595,376375e-9,.06007407402538789
12,512,ExactStein,.17478121334652166,.16831789914208833,.018671439,3.49
12,512,ImpulseStein,.1774237881213399,.17043387583445113,.015034873,.58
12,512,OracleX,.17579023864516444,.17071436920416466,375048e-9,.5694036239674172
12,512,OracleZ,.17760162274352037,.17076245436148813,403892e-9,.43132512722010025
12,512,Ridge,.1778406097514387,.17046257570819595,688705e-9,.43132512722010025
12,1024,NaiveX,.1615293811058352,.16033107309261097,67117e-9,0
12,1024,NaiveZ,.1663192406666682,.16207224958827343,65232e-9,0
12,1024,FullInfo,.16388491590873788,.16346466846694735,64952e-9,0
12,1024,MLE,.12812036124304144,.12212081519869938,.001910578,2.2538215951385485
12,1024,MM,.16457310429972272,.16080962751648692,89816e-9,2.4293659521608637
12,1024,EmpBayesX,.16273807593133877,.16106065655641943,.001489505,.5985087188578748
12,1024,Rescaled,.16649994536998391,.16211026152051247,.001489505,.2992543594289374
12,1024,Rescaled_0.125,.16147960470164657,.1573848850682698,.001489505,4.788069750862999
12,1024,Rescaled_0.25,.16466704373045865,.16096916699255784,.001489505,2.3940348754314993
12,1024,Rescaled_1.0,.16640957211480709,.1622838030912959,.001489505,.5985087188578748
12,1024,Rescaled_2.0,.16649994536998391,.16211026152051247,.001489505,.2992543594289374
12,1024,Rescaled_4.0,.16642683794988525,.1619704375805015,.001489505,.1496271797144687
12,1024,Rescaled_8.0,.16628989554306978,.16208002781440586,.001489505,.07481358985723435
12,1024,ExactStein,.1636536347291878,.15974110614598597,.045726415,3.72
12,1024,ImpulseStein,.16397187305332195,.15977125917884125,.03453868,3.02
12,1024,OracleX,.16267989375326772,.1611488155510722,.001483988,.6847051601006608
12,1024,OracleZ,.16652726924794103,.16231012395699057,.001426508,.26568455548404407
12,1024,Ridge,.16649994536998391,.16211026152051247,.001150426,.26568455548404407
12,2048,NaiveX,.16258733969192696,.16229257105632322,133956e-9,0
12,2048,NaiveZ,.16806056130010533,.16370413607609402,133257e-9,0
12,2048,FullInfo,.16557906109146758,.1656985293267002,133048e-9,0
12,2048,MLE,.1334581663207611,.1288433471701773,.004698153,2.3155263981662717
12,2048,MM,.1659618010363243,.16172153240524378,190597e-9,2.5010897759501347
12,2048,EmpBayesX,.16336601693655883,.16260284056572233,.005772243,.6453059138803185
12,2048,Rescaled,.16795857425520752,.1638014056226706,.005772243,.3226529569401593
12,2048,Rescaled_0.125,.1622512865986013,.15797503385811223,.005772243,5.162447311042548
12,2048,Rescaled_0.25,.1657394619146092,.16155962271097965,.005772243,2.581223655521274
12,2048,Rescaled_1.0,.16774394089586186,.163728128298257,.005772243,.6453059138803185
12,2048,Rescaled_2.0,.16795857425520752,.1638014056226706,.005772243,.3226529569401593
12,2048,Rescaled_4.0,.16798650183957656,.16372797346152845,.005772243,.16132647847007964
12,2048,Rescaled_8.0,.1679550658606479,.16381812073519642,.005772243,.08066323923503982
12,2048,ExactStein,.16673107266158665,.1625684428244738,.106313659,1.98
12,2048,ImpulseStein,.16442575546099203,.1601774165702484,.107482033,3.58
12,2048,OracleX,.1633635184541271,.1626136501339308,.00581729,.6588131242171764
12,2048,OracleZ,.16794163285650676,.1638933879038029,.005626274,.11371621791113114
12,2048,Ridge,.16795857425520752,.1638014056226706,.002824172,.11371621791113114
12,4096,NaiveX,.1510552776583096,.15066271088575137,278178e-9,0
12,4096,NaiveZ,.15739475220419732,.15287922010800797,280133e-9,0
12,4096,FullInfo,.15531232961826352,.15461349978698463,275175e-9,0
12,4096,MLE,.12619972231932444,.120674818596487,.007456744,2.3926527932707713
12,4096,MM,.15505490789542287,.1507489722308895,363454e-9,2.5842349299154193
12,4096,EmpBayesX,.1511517722161182,.1508108776511911,.022862684,.14235887448695989
12,4096,Rescaled,.15737836742963215,.15297074761335422,.022862684,.07117943724347994
12,4096,Rescaled_0.125,.15660692299731244,.1524536838100986,.022862684,1.138870995895679
12,4096,Rescaled_0.25,.1570779642590498,.152643880414641,.022862684,.5694354979478395
12,4096,Rescaled_1.0,.15746652522045745,.15289548103226192,.022862684,.14235887448695989
12,4096,Rescaled_2.0,.15737836742963215,.15297074761335422,.022862684,.07117943724347994
12,4096,Rescaled_4.0,.1573945429511944,.15288384485900708,.022862684,.03558971862173997
12,4096,Rescaled_8.0,.15739626332518894,.15288063059686707,.022862684,.017794859310869986
12,4096,ExactStein,.15588136005935627,.15163046352057824,.20658458,2.29
12,4096,ImpulseStein,.151775920393182,.14792067340132886,.168731023,4.67
12,4096,OracleX,.15109270909230266,.1508808056709421,.022265332,.6589258754057282
12,4096,OracleZ,.15735160132607762,.15303552044393284,.02354622,.2537054337181933
12,4096,Ridge,.1574096887549848,.15287766323322882,.00479174,.2537054337181933
12,8192,NaiveX,.15332735356056704,.1521995429087509,587505e-9,0
12,8192,NaiveZ,.15895195092831793,.1541171483036073,581917e-9,0
12,8192,FullInfo,.157524844508694,.1560302927158474,580451e-9,0
12,8192,MLE,.13035029978197743,.12351598968099291,.015496594,2.405387607519048
12,8192,MM,.1562617455679482,.15215282534360622,762457e-9,2.5674679518104826
12,8192,EmpBayesX,.15345766532846328,.1524201914978238,.092605491,.41305262022020145
12,8192,Rescaled,.15898768484508363,.15424088485561996,.092605491,.20652631011010072
12,8192,Rescaled_0.125,.1552834731761103,.1512877810003958,.092605491,3.3044209617616116
12,8192,Rescaled_0.25,.15749714445392926,.1533356597411686,.092605491,1.6522104808808058
12,8192,Rescaled_1.0,.1587698833603238,.15424325116207843,.092605491,.41305262022020145
12,8192,Rescaled_2.0,.15898768484508363,.15424088485561996,.092605491,.20652631011010072
12,8192,Rescaled_4.0,.1590195127465507,.15419179118087833,.092605491,.10326315505505036
12,8192,Rescaled_8.0,.15905204643714257,.15414850537484773,.092605491,.05163157752752518
12,8192,ExactStein,.15582811837034422,.15170883051025522,.432057806,2.96
12,8192,ImpulseStein,.15622818846541475,.15210637986461467,.354189523,2.64
12,8192,OracleX,.15330454889376147,.1525066852058049,.091843523,.8862031773871276
12,8192,OracleZ,.1589926741402182,.15425337678904905,.094820926,.19677961564154822
12,8192,Ridge,.15882244174962656,.15420542697877207,.008832897,.19677961564154822
12,16384,NaiveX,.15485059831328063,.15492218767560884,.001264058,0
12,16384,NaiveZ,.1606843607422598,.15678673356192352,.001247226,0
12,16384,FullInfo,.15887812072918928,.1587274888717343,.001252254,0
12,16384,MLE,.1305266181255009,.12513671190635745,.031442826,2.374006435773666
12,16384,MM,.15798537405142704,.15488028421787495,.001592382,2.557911530864763
12,16384,EmpBayesX,.15514181054083154,.15520767690902393,.377726665,.3698844670110193
12,16384,Rescaled,.16065818297620754,.15683065011748612,.377726665,.18494223350550965
12,16384,Rescaled_0.125,.15742472477696606,.1543620241576436,.377726665,2.9590757360881543
12,16384,Rescaled_0.25,.15940788554602783,.15607808101812842,.377726665,1.4795378680440772
12,16384,Rescaled_1.0,.16051649621099784,.1568314877093545,.377726665,.3698844670110193
12,16384,Rescaled_2.0,.16065818297620754,.15683065011748612,.377726665,.18494223350550965
12,16384,Rescaled_4.0,.1607218597674137,.15681439841376274,.377726665,.09247111675275482
12,16384,Rescaled_8.0,.16072645791787843,.1567910953196934,.377726665,.04623555837637741
12,16384,ExactStein,.15739946631202734,.15432070042297844,.899724189,3.03
12,16384,ImpulseStein,.15739946631202734,.15432070042297844,.744596013,3.03
12,16384,OracleX,.1551320134335495,.1552176314796384,.378804386,.42789842972864117
12,16384,OracleZ,.16050557146117783,.15686943091675837,.366361183,.3999496172602839
12,16384,Ridge,.1605456933929561,.15683554261528776,.018164321,.3999496172602839
12,32768,NaiveX,.15326644568477563,.1534394155774012,.002680578,0
12,32768,NaiveZ,.15915796703648835,.155361338425554,.002685537,0
12,32768,FullInfo,.15744851899767082,.15728984309853702,.002660185,0
12,32768,MLE,.12837062718713427,.12366025772798275,.062657619,2.377408971550093
12,32768,MM,.1566252866873161,.15336163142718967,.003386115,2.5689739080541645
12,32768,EmpBayesX,.15363859642224115,.15368983520602436,1.371613108,.6853071938514612
12,32768,Rescaled,.15911966378884523,.1553926562230287,1.371613108,.3426535969257306
12,32768,Rescaled_0.125,.15265015570926088,.14969848260473856,1.371613108,5.48245755081169
12,32768,Rescaled_0.25,.1563649591877041,.15308489983693901,1.371613108,2.741228775405845
12,32768,Rescaled_1.0,.15891863649296054,.15526818721961302,1.371613108,.6853071938514612
12,32768,Rescaled_2.0,.15911966378884523,.1553926562230287,1.371613108,.3426535969257306
12,32768,Rescaled_4.0,.15916860977193367,.15539989475564114,1.371613108,.1713267984628653
12,32768,Rescaled_8.0,.15917288089200948,.15537269378164656,1.371613108,.08566339923143265
12,32768,ExactStein,.15598075808077724,.15277011616245706,1.905438533,3.11
12,32768,ImpulseStein,.1557549108190866,.1526124511095197,1.593239964,3.24
12,32768,OracleX,.15361812194505842,.1536975320262398,1.381206786,.7323937256794659
12,32768,OracleZ,.1591580421969087,.1554240603733518,1.378472361,.1361724915904826
12,32768,Ridge,.159091148336734,.1553953874048568,.035239747,.1361724915904826
12,65536,NaiveX,.15327554774939273,.15313275197712495,.005978973,0
12,65536,NaiveZ,.1591932458652935,.15502068076788766,.005962839,0
12,65536,FullInfo,.15728596835817757,.15698831123524776,.0065435,0
12,65536,MLE,.1288882614494342,.12409365897290632,.155895523,2.389006178008935
12,65536,MM,.15654854392667747,.15290189079559868,.007243938,2.5762964564817965
12,65536,EmpBayesX,.15353824665131816,.15327740782642632,5.407048201,.3529617163809197
12,65536,Rescaled,.15918113039294526,.1550370026936218,5.407048201,.17648085819045986
12,65536,Rescaled_0.125,.15626629508065726,.15261735430030474,5.407048201,2.8236937310473578
12,65536,Rescaled_0.25,.1581122409240115,.15425661872095342,5.407048201,1.4118468655236789
12,65536,Rescaled_1.0,.1591346047993641,.1550094156426635,5.407048201,.3529617163809197
12,65536,Rescaled_2.0,.15918113039294526,.1550370026936218,5.407048201,.17648085819045986
12,65536,Rescaled_4.0,.15920826402614352,.1550439837788831,5.407048201,.08824042909522993
12,65536,Rescaled_8.0,.15918442828361426,.15503295505282008,5.407048201,.044120214547614965
12,65536,ExactStein,.15521878444112006,.1517370673281381,4.09827835,3.57
12,65536,ImpulseStein,.15536438790041388,.1518948853957881,3.482777314,3.44
12,65536,OracleX,.15348874162774576,.1532878046670729,5.502886645,.4539531369455679
12,65536,OracleZ,.1591916633618048,.1550563669626624,5.428512173,.16315472026400923
12,65536,Ridge,.15909353270326465,.15501244664251485,.072712459,.16315472026400923
12,131072,NaiveX,.15273524169275987,.15282289227446025,.013133514,0
12,131072,NaiveZ,.15881268802782994,.1547698698805306,.013199444,0
12,131072,FullInfo,.15667428723263457,.15675576285231624,.013081133,0
12,131072,MLE,.12820389439685853,.12336095774263608,.292210133,2.403404163538622
12,131072,MM,.15618498072942522,.15264898198983573,.016253813,2.6013690587408953
12,131072,EmpBayesX,.15291397143028743,.15290760380175958,22.389430668,.5277795799389922
12,131072,Rescaled,.15878736017980583,.15475775452998225,22.389430668,.2638897899694961
12,131072,Rescaled_0.125,.15386919976306948,.15059029673163385,22.389430668,4.222236639511937
12,131072,Rescaled_0.25,.1568567134718546,.15326275661263858,22.389430668,2.1111183197559686
12,131072,Rescaled_1.0,.15863691473764208,.154681175296415,22.389430668,.5277795799389922
12,131072,Rescaled_2.0,.15878736017980583,.15475775452998225,22.389430668,.2638897899694961
12,131072,Rescaled_4.0,.15881423049330223,.1547796599538485,22.389430668,.13194489498474804
12,131072,Rescaled_8.0,.1588233100798483,.1547810730084883,22.389430668,.06597244749237402
12,131072,ExactStein,.15479226849778444,.15143483098919888,8.809449791,3.59
12,131072,ImpulseStein,.1530040449624408,.14979063217067518,7.510074919,4.82
12,131072,OracleX,.1528923252469509,.15291665662966003,22.73471431,.45847992089481987
12,131072,OracleZ,.15882458927261855,.15479052185353886,22.157179416,.10234524364585018
12,131072,Ridge,.1587130442527784,.15471789966344573,.14346999,.10234524364585018
13,256,NaiveX,.1704975301726368,.17017168158912332,47492e-9,0
13,256,NaiveZ,.17674158966673142,.1743219188122469,20604e-9,0
13,256,FullInfo,.17716800527903276,.17589013245481694,19346e-9,0
13,256,MLE,.13387288981581694,.1300991524031153,575282e-9,2.0049588160811243
13,256,MM,.1761621536149455,.17294902154713532,29752e-9,2.1617200648655515
13,256,EmpBayesX,.17185912106866433,.17144878044826878,13214e-8,.9937805384111716
13,256,Rescaled,.17628096836029894,.17487244690226855,13214e-8,.4968902692055858
13,256,Rescaled_0.125,.1697895898965099,.1677954112851101,13214e-8,7.950244307289373
13,256,Rescaled_0.25,.1746278034939999,.17199039072105182,13214e-8,3.9751221536446866
13,256,Rescaled_1.0,.1763563238411573,.17468000001547698,13214e-8,.9937805384111716
13,256,Rescaled_2.0,.17628096836029894,.17487244690226855,13214e-8,.4968902692055858
13,256,Rescaled_4.0,.17674158966673142,.1743219188122469,13214e-8,.2484451346027929
13,256,Rescaled_8.0,.17674158966673142,.1743219188122469,13214e-8,.12422256730139646
13,256,ExactStein,.1746278034939999,.17199039072105182,.00937724,4.3
13,256,ImpulseStein,.1761621536149455,.17294902154713532,.008705297,2.93
13,256,OracleX,.17185912106866433,.17144878044826878,133816e-9,.9937805384111716
13,256,OracleZ,.1759054433536752,.17499529197014727,129835e-9,.6337276311702961
13,256,Ridge,.17674158966673142,.1743219188122469,437835e-9,.6337276311702961
13,512,NaiveX,.1665298926276952,.16790123707654805,3506e-8,0
13,512,NaiveZ,.1717063104519111,.16959252421043075,33035e-9,0
13,512,FullInfo,.16973021553100298,.17179030796033268,33105e-9,0
13,512,MLE,.12790339358071828,.12537469673710075,.001021638,2.0188664489392205
13,512,MM,.17008349728548225,.16877502120849833,49518e-9,2.2154149742015643
13,512,EmpBayesX,.16748589707808614,.1679433758155205,361848e-9,.8676924952351716
13,512,Rescaled,.1714739915367605,.16993645212200303,361848e-9,.4338462476175858
13,512,Rescaled_0.125,.16543160280569424,.16372460189818028,361848e-9,6.9415399618813725
13,512,Rescaled_0.25,.16972232573666202,.16778243047096061,361848e-9,3.4707699809406862
13,512,Rescaled_1.0,.17061385102614104,.16993440618738592,361848e-9,.8676924952351716
13,512,Rescaled_2.0,.1714739915367605,.16993645212200303,361848e-9,.4338462476175858
13,512,Rescaled_4.0,.1714739915367605,.16993645212200303,361848e-9,.2169231238087929
13,512,Rescaled_8.0,.1717063104519111,.16959252421043075,361848e-9,.10846156190439644
13,512,ExactStein,.16893545899033638,.1671929879968461,.020083629,5
13,512,ImpulseStein,.1705323739091179,.16956583271386597,.013749863,1.95
13,512,OracleX,.1670869867761266,.16839658666428925,370089e-9,1.7405353046749898
13,512,OracleZ,.17165020988626026,.1700954051347336,418977e-9,.6337276311702961
13,512,Ridge,.1714739915367605,.16993645212200303,671524e-9,.6337276311702961
13,1024,NaiveX,.16061887723439763,.16013347143869444,66558e-9,0
13,1024,NaiveZ,.16550486634414296,.1613429974050885,65651e-9,0
13,1024,FullInfo,.16400024695337143,.16346466846694735,64813e-9,0
13,1024,MLE,.12527657294889066,.12128123525754256,.003147956,2.246551248444748
13,1024,MM,.1630406084256754,.1597338420817004,91073e-9,2.4387686831743163
13,1024,EmpBayesX,.1606847462757175,.1601956028471295,.001563397,.09481682407186055
13,1024,Rescaled,.16553479296606854,.16147412610138995,.001563397,.04740841203593028
13,1024,Rescaled_0.125,.1644492433105581,.16133077032064363,.001563397,.7585345925748844
13,1024,Rescaled_0.25,.1653853625620904,.16153154796355568,.001563397,.3792672962874422
13,1024,Rescaled_1.0,.16553479296606854,.16147412610138995,.001563397,.09481682407186055
13,1024,Rescaled_2.0,.16553479296606854,.16147412610138995,.001563397,.04740841203593028
13,1024,Rescaled_4.0,.16551845421151434,.16136202805117872,.001563397,.02370420601796514
13,1024,Rescaled_8.0,.16550486634414296,.1613429974050885,.001563397,.01185210300898257
13,1024,ExactStein,.16230141497865336,.1589259770413759,.044701914,3.8
13,1024,ImpulseStein,.16250202907021646,.15905770084467566,.034713981,3.35
13,1024,OracleX,.16030827024289807,.16054322104639945,.001611378,.5029897895421762
13,1024,OracleZ,.1653384792080435,.16156402134606523,.001481333,.49716727684429945
13,1024,Ridge,.16538536256209044,.16153154796355568,.00216913,.49716727684429945
13,2048,NaiveX,.16125961591127475,.16185772226341677,134165e-9,0
13,2048,NaiveZ,.16678356244221001,.1633212714529622,132698e-9,0
13,2048,FullInfo,.16530278254733077,.1656985293267002,132489e-9,0
13,2048,MLE,.13291783733738655,.12878808176305231,.003761582,2.3299028289762473
13,2048,MM,.1638219051567658,.16153867461787763,179004e-9,2.531428754516814
13,2048,EmpBayesX,.16160239054160974,.16199352714540832,.005521442,.24603974589991143
13,2048,Rescaled,.1667031982052405,.16347039063618424,.005521442,.12301987294995571
13,2048,Rescaled_0.125,.1645324221736167,.1622145466555808,.005521442,1.9683179671992914
13,2048,Rescaled_0.25,.16578674485011202,.16279736884104218,.005521442,.9841589835996457
13,2048,Rescaled_1.0,.16669857021239803,.16359637103911592,.005521442,.24603974589991143
13,2048,Rescaled_2.0,.1667031982052405,.16347039063618424,.005521442,.12301987294995571
13,2048,Rescaled_4.0,.16667661839500952,.16340604339887305,.005521442,.06150993647497786
13,2048,Rescaled_8.0,.16678745093886982,.16332652863358676,.005521442,.03075496823748893
13,2048,ExactStein,.16271324125992287,.16011352283526675,.100169302,3.99
13,2048,ImpulseStein,.16288044907679228,.16054805162758512,.079892212,3.67
13,2048,OracleX,.16160239054160974,.16199352714540832,.006430985,.24603974589991143
13,2048,OracleZ,.16632594990249708,.1639021338231949,.006294725,.3803391656479733
13,2048,Ridge,.16648459131183263,.16383424764135796,.00211179,.3803391656479733
13,4096,NaiveX,.15108533848370367,.1507947303752511,297523e-9,0
13,4096,NaiveZ,.156613296704253,.1524379059745185,275873e-9,0
13,4096,FullInfo,.15470374125016392,.15461349978698463,276082e-9,0
13,4096,MLE,.12654838373746008,.12140281239565257,.008306713,2.4207555865145385
13,4096,MM,.15362101793142172,.15041771608703053,362127e-9,2.637258321169678
13,4096,EmpBayesX,.15143585844441493,.15094454950063005,.022420518,.4650202089245575
13,4096,Rescaled,.1566628489322256,.15237581530764413,.022420518,.23251010446227874
13,4096,Rescaled_0.125,.15215195132450787,.14918852304536034,.022420518,3.72016167139646
13,4096,Rescaled_0.25,.15446589877072125,.15111715216722088,.022420518,1.86008083569823
13,4096,Rescaled_1.0,.156409127857838,.15245023153604192,.022420518,.4650202089245575
13,4096,Rescaled_2.0,.1566628489322256,.15237581530764413,.022420518,.23251010446227874
13,4096,Rescaled_4.0,.15669136099693964,.152435839890104,.022420518,.11625505223113937
13,4096,Rescaled_8.0,.15657559455829012,.15242087048551317,.022420518,.058127526115569685
13,4096,ExactStein,.1521485322860509,.1491362858224189,.207661812,3.92
13,4096,ImpulseStein,.1521485322860509,.1491362858224189,.169151189,3.92
13,4096,OracleX,.15143459346886895,.1509458454394011,.022203033,.47880234992471576
13,4096,OracleZ,.15630863746892235,.15253640497843768,.022391116,.541947436703424
13,4096,Ridge,.1565180080764053,.15237920570526586,.004941759,.541947436703424
13,8192,NaiveX,.15154771797673755,.15177238529256853,5896e-7,0
13,8192,NaiveZ,.1579083072548812,.15390038669317602,584013e-9,0
13,8192,FullInfo,.15571130965213686,.1560302927158474,592743e-9,0
13,8192,MLE,.12930557922333857,.12403651002570587,.016343419,2.420720429647898
13,8192,MM,.15476412929720845,.1516133280185844,749118e-9,2.592717324448268
13,8192,EmpBayesX,.15185361336666714,.1519724389418716,.090688906,.5970252950806499
13,8192,Rescaled,.15791471182696226,.1539424589648038,.090688906,.29851264754032497
13,8192,Rescaled_0.125,.15218943265363938,.14945811053375252,.090688906,4.7762023606451995
13,8192,Rescaled_0.25,.1551057109782294,.15201531786353972,.090688906,2.3881011803225998
13,8192,Rescaled_1.0,.15753837528373477,.15385639178626648,.090688906,.5970252950806499
13,8192,Rescaled_2.0,.15791471182696226,.1539424589648038,.090688906,.29851264754032497
13,8192,Rescaled_4.0,.1579435923432621,.1539647446131613,.090688906,.14925632377016249
13,8192,Rescaled_8.0,.15787086310575743,.15393989669666103,.090688906,.07462816188508124
13,8192,ExactStein,.15229880160371734,.14955515725492957,.431074091,4.7
13,8192,ImpulseStein,.1525796644329476,.14977765945428528,.353425181,4.41
13,8192,OracleX,.15183930617214675,.15197712693052623,.091734152,.5676829284949947
13,8192,OracleZ,.15793393233491593,.15397778015107227,.090375459,.19209597294891376
13,8192,Ridge,.1578768719499192,.15391427374681665,.009050662,.19209597294891376
13,16384,NaiveX,.15496094466739088,.154691650761159,.001253372,0
13,16384,NaiveZ,.1610354614688087,.15677577183620436,.001266572,0
13,16384,FullInfo,.1590350675572317,.1587274888717343,.001244572,0
13,16384,MLE,.1313448548794442,.12589962040090907,.031927804,2.3691703906883337
13,16384,MM,.1582477054030657,.15460725423392913,.001580019,2.549052751042021
13,16384,EmpBayesX,.15497687465531856,.1547089733210883,.36294811,.03976033051974958
13,16384,Rescaled,.16103126938966278,.15678683008157016,.36294811,.01988016525987479
13,16384,Rescaled_0.125,.1609575051481025,.156817939050011,.36294811,.31808264415799664
13,16384,Rescaled_0.25,.16104007616431876,.15684302631400637,.36294811,.15904132207899832
13,16384,Rescaled_1.0,.1610302486561312,.15680612110912695,.36294811,.03976033051974958
13,16384,Rescaled_2.0,.16103126938966278,.15678683008157016,.36294811,.01988016525987479
13,16384,Rescaled_4.0,.16102775911393624,.15678702293835065,.36294811,.009940082629937395
13,16384,Rescaled_8.0,.16103346592351153,.15677763144810677,.36294811,.0049700413149686975
13,16384,ExactStein,.1554619503186862,.15224662504958608,.902563169,4.7
13,16384,ImpulseStein,.15584093573331498,.15261412103492816,.746677144,4.35
13,16384,OracleX,.1549064040947793,.15480605470920977,.362483455,.2772154740451407
13,16384,OracleZ,.16100749671700496,.1568667043984729,.367365501,.1960551980294388
13,16384,Ridge,.16088171969905196,.15682335667145764,.018546632,.1960551980294388
13,32768,NaiveX,.15329658891468545,.15343844369818518,.002704813,0
13,32768,NaiveZ,.15908593953840627,.15534989660080367,.002665772,0
13,32768,FullInfo,.15703857356771456,.15728984309853702,.00266242,0
13,32768,MLE,.12855042505872646,.12387949436550347,.06503802,2.3768978604189646
13,32768,MM,.15649599811821313,.1531679890560696,.003381156,2.5684906281722233
13,32768,EmpBayesX,.15333980664564312,.15346618485956204,1.406550372,.05048079200630375
13,32768,Rescaled,.15907602273750293,.15535788742190235,1.406550372,.025240396003151876
13,32768,Rescaled_0.125,.15891796027148697,.15533869187501537,1.406550372,.40384633605043
13,32768,Rescaled_0.25,.15903857384794637,.15541229764179973,1.406550372,.201923168025215
13,32768,Rescaled_1.0,.15906913368946105,.15537527531388157,1.406550372,.05048079200630375
13,32768,Rescaled_2.0,.15907602273750293,.15535788742190235,1.406550372,.025240396003151876
13,32768,Rescaled_4.0,.15906924762534305,.15535099440872066,1.406550372,.012620198001575938
13,32768,Rescaled_8.0,.1590719589996501,.15534653239802693,1.406550372,.006310099000787969
13,32768,ExactStein,.1538679050117406,.15088876523264938,1.893814011,4.7
13,32768,ImpulseStein,.15374641593080784,.15076507796274008,1.580153734,4.77
13,32768,OracleX,.1533022168551042,.15351032619060911,1.371735959,.527496352938244
13,32768,OracleZ,.15903252153490027,.15541633534883317,1.40755923,.1960551980294388
13,32768,Ridge,.15893585914748778,.15536263243003887,.035292128,.1960551980294388
13,65536,NaiveX,.15310086288630156,.15310279739772392,.005995525,0
13,65536,NaiveZ,.15891249804710297,.15507301825077766,.006486998,0
13,65536,FullInfo,.1568806111231811,.15698831123524776,.006042528,0
13,65536,MLE,.12865740547460594,.12414858591840762,.125041529,2.388108165765588
13,65536,MM,.1563193124758037,.15287836859294274,.00732216,2.575161084962836
13,65536,EmpBayesX,.15327608533564274,.15320207181410947,5.467523768,.5104680436848351
13,65536,Rescaled,.15887188130949007,.1551091627994674,5.467523768,.25523402184241756
13,65536,Rescaled_0.125,.1541412942946625,.15102193514403547,5.467523768,4.083744349478681
13,65536,Rescaled_0.25,.15702014359323258,.15359435752033795,5.467523768,2.0418721747393405
13,65536,Rescaled_1.0,.15873790327005316,.15505565671081156,5.467523768,.5104680436848351
13,65536,Rescaled_2.0,.15887188130949007,.1551091627994674,5.467523768,.25523402184241756
13,65536,Rescaled_4.0,.158914386064472,.15510033397686912,5.467523768,.12761701092120878
13,65536,Rescaled_8.0,.1588954030154182,.15509647841622393,5.467523768,.06380850546060439
13,65536,ExactStein,.15590911622851422,.15250434310294128,4.079916867,2.91
13,65536,ImpulseStein,.15330311993989792,.15027574775665936,3.466131273,4.78
13,65536,OracleX,.15325895997793232,.15321728482826807,5.452547492,.5875245745537735
13,65536,OracleZ,.1588852298849599,.1551192808051253,5.452783835,.2030364302576804
13,65536,Ridge,.15879603972118508,.15509192921464982,.0728439,.2030364302576804
13,131072,NaiveX,.15280331233196182,.15285757279967246,.013149088,0
13,131072,NaiveZ,.1587622217671883,.15474130653295579,.013153418,0
13,131072,FullInfo,.15667457756234998,.15675576285231624,.013067583,0
13,131072,MLE,.12816668949936644,.12343011176404942,.255767929,2.403949677505137
13,131072,MM,.15615195989728675,.1526400871522488,.016352429,2.602061964399229
13,131072,EmpBayesX,.15295397118521165,.15294770378119282,22.437480004,.5673469247743321
13,131072,Rescaled,.15869585010887835,.15478362414034175,22.437480004,.28367346238716606
13,131072,Rescaled_0.125,.15333641814228507,.15023434017470538,22.437480004,4.538775398194657
13,131072,Rescaled_0.25,.15659137539754792,.1530529171331677,22.437480004,2.2693876990973285
13,131072,Rescaled_1.0,.15854458515236325,.1546999795766975,22.437480004,.5673469247743321
13,131072,Rescaled_2.0,.15869585010887835,.15478362414034175,22.437480004,.28367346238716606
13,131072,Rescaled_4.0,.15874315030253017,.15476147611013713,22.437480004,.14183673119358303
13,131072,Rescaled_8.0,.15874072112274745,.15475332396329838,22.437480004,.07091836559679152
13,131072,ExactStein,.15514544472310693,.15177135035157804,8.771467727,3.32
13,131072,ImpulseStein,.15419801203407657,.15094422265799826,7.524188726,3.99
13,131072,OracleX,.15291407972248533,.15297064941711996,22.374119084,.3007908606107319
13,131072,OracleZ,.15864610862520445,.15478644952932205,22.601648716,.3680307781825284
13,131072,Ridge,.15863402281654096,.15476571168474074,.144566638,.3680307781825284
14,256,NaiveX,.1733483255156133,.17009679828580182,45536e-9,0
14,256,NaiveZ,.17848741522644873,.17260924527960042,21162e-9,0
14,256,FullInfo,.17594590120419007,.17589013245481694,19556e-9,0
14,256,MLE,.13123184675753014,.13018750204921764,570254e-9,2.047162256369315
14,256,MM,.1777790516366424,.17276391509733163,29334e-9,2.219458400071208
14,256,EmpBayesX,.17570279465018734,.17271038471794833,135702e-9,1.45983169058405
14,256,Rescaled,.17790963084084754,.17365573771303033,135702e-9,.729915845292025
14,256,Rescaled_0.125,.16070148290956057,.15917137710248647,135702e-9,11.6786535246724
14,256,Rescaled_0.25,.17203523870581425,.16905272025663387,135702e-9,5.8393267623362
14,256,Rescaled_1.0,.17788323048128707,.17359288138658713,135702e-9,1.45983169058405
14,256,Rescaled_2.0,.17790963084084754,.17365573771303033,135702e-9,.729915845292025
14,256,Rescaled_4.0,.1783529246909635,.17300719799171002,135702e-9,.3649579226460125
14,256,Rescaled_8.0,.1782366237788291,.17266450515100018,135702e-9,.18247896132300626
14,256,ExactStein,.17448336977633125,.17049127392604252,.009291126,5
14,256,ImpulseStein,.17448336977633125,.1704912739260425,.006800586,4.7
14,256,OracleX,.1738095366025212,.1729115020583642,139194e-9,.6699877238852012
14,256,OracleZ,.17796398797528243,.17397694171807665,128298e-9,1.4758866468170713
14,256,Ridge,.17829915681673075,.17287177639391288,444051e-9,1.4758866468170713
14,512,NaiveX,.16967155459673358,.1676603473164645,34432e-9,0
14,512,NaiveZ,.17611299932263058,.16939626341264213,34083e-9,0
14,512,FullInfo,.1741307142576155,.17179030796033268,32616e-9,0
14,512,MLE,.1299465247583402,.12349161834142415,.001004597,2.0392444888410277
14,512,MM,.17290135553761118,.16808239386178397,49937e-9,2.2314340594303537
14,512,EmpBayesX,.17203647706865027,.16898259721946454,.002181213,1.5776699913205943
14,512,Rescaled,.1754759151140398,.1702900526945511,.002181213,.7888349956602971
14,512,Rescaled_0.125,.15711046334797402,.15478325624128345,.002181213,12.621359930564754
14,512,Rescaled_0.25,.16966542043972008,.16547503625038767,.002181213,6.310679965282377
14,512,Rescaled_1.0,.17457497211468898,.16930313227407812,.002181213,1.5776699913205943
14,512,Rescaled_2.0,.1754759151140398,.1702900526945511,.002181213,.7888349956602971
14,512,Rescaled_4.0,.17600292760758934,.16974444297775929,.002181213,.39441749783014857
14,512,Rescaled_8.0,.17630261476843287,.1695587120306004,.002181213,.19720874891507428
14,512,ExactStein,.17076043683804576,.16622675820816257,.018527426,4.32
14,512,ImpulseStein,.17290135553761118,.16808239386178397,.014904548,2.55
14,512,OracleX,.17108874222222997,.16908485700140222,425054e-9,1.0887764549884298
14,512,OracleZ,.17525698916276486,.17056139710410642,456902e-9,1.0924861502181888
14,512,Ridge,.17630261476843287,.1695587120306004,677251e-9,1.0924861502181888
14,1024,NaiveX,.16001425165406877,.158964257534963,66e-6,0
14,1024,NaiveZ,.16561158519118416,.16106544144527724,66e-6,0
14,1024,FullInfo,.16411706586938218,.16346466846694735,64743e-9,0
14,1024,MLE,.12794467572425944,.12202223335385928,.001911765,2.267401750390446
14,1024,MM,.16330003355237938,.15901050080385284,90724e-9,2.445129760318812
14,1024,EmpBayesX,.16122148884666188,.15931152590783298,.001521981,1.7273326603703358
14,1024,Rescaled,.16591634842307593,.16138043872333116,.001521981,.8636663301851679
14,1024,Rescaled_0.125,.15019153634170054,.14680066043218362,.001521981,13.818661282962687
14,1024,Rescaled_0.25,.1566942835113377,.1532985738833766,.001521981,6.909330641481343
14,1024,Rescaled_1.0,.16479924409311553,.1604900589718678,.001521981,1.7273326603703358
14,1024,Rescaled_2.0,.16591634842307593,.16138043872333116,.001521981,.8636663301851679
14,1024,Rescaled_4.0,.16626428208291796,.1610704167829599,.001521981,.43183316509258396
14,1024,Rescaled_8.0,.16608687160145574,.1610133693861297,.001521981,.21591658254629198
14,1024,ExactStein,.1617537839708359,.15771832034122404,.045897247,4.18
14,1024,ImpulseStein,.1657450187697437,.16131331849490405,.035228572,1.52
14,1024,OracleX,.16078628952955704,.159421781602967,.001525474,1.2959787866905208
14,1024,OracleZ,.16591634842307593,.1613804387233312,.001594617,.7612777407193283
14,1024,Ridge,.16630631840349117,.16113109635958872,.001148191,.7612777407193283
14,2048,NaiveX,.1625884710258343,.16148077770701935,132977e-9,0
14,2048,NaiveZ,.168546598657407,.16353081969902333,142337e-9,0
14,2048,FullInfo,.16689780575691468,.1656985293267002,133048e-9,0
14,2048,MLE,.13513363268777612,.1283202113179225,.004754027,2.3092225644395614
14,2048,MM,.1664128007677624,.16165460028102602,177885e-9,2.487088520229959
14,2048,EmpBayesX,.163659369707215,.16162419747467982,.006034426,1.7273326603703358
14,2048,Rescaled,.16866636608965574,.1632323205033531,.006034426,.8636663301851679
14,2048,Rescaled_0.125,.154669983128985,.1499383166911028,.006034426,13.818661282962687
14,2048,Rescaled_0.25,.1608230500160172,.15629281887807628,.006034426,6.909330641481343
14,2048,Rescaled_1.0,.16795689656103116,.16298580146668,.006034426,1.7273326603703358
14,2048,Rescaled_2.0,.16866636608965574,.1632323205033531,.006034426,.8636663301851679
14,2048,Rescaled_4.0,.16879352486590854,.16325110041209234,.006034426,.43183316509258396
14,2048,Rescaled_8.0,.16880023857306015,.16345042707962132,.006034426,.21591658254629198
14,2048,ExactStein,.16675420841218497,.1620227692321521,.106382313,2.31
14,2048,ImpulseStein,.16821838068129288,.16336730285505308,.10752785,1.33
14,2048,OracleX,.16315470801086837,.1618133864807816,.00606369,.7368138356907358
14,2048,OracleZ,.168546598657407,.16353081969902333,.00587456,0
14,2048,Ridge,.16882259070020783,.16324746840130866,.002867683,0
14,4096,NaiveX,.15131095066989214,.1505477817481355,278458e-9,0
14,4096,NaiveZ,.15627897889172015,.15246397414290214,278247e-9,0
14,4096,FullInfo,.15450461147267663,.15461349978698463,276432e-9,0
14,4096,MLE,.12679034528642424,.1203043022684023,.007491176,2.40284304634545
14,4096,MM,.1541447257109823,.15088563112063352,371137e-9,2.599650206158777
14,4096,EmpBayesX,.15155082523436325,.15083671337940457,.024056621,1.2119640949643697
14,4096,Rescaled,.15619027458307533,.15241230838514835,.024056621,.6059820474821849
14,4096,Rescaled_0.125,.1453908668735803,.14236176331163583,.024056621,9.695712759714958
14,4096,Rescaled_0.25,.1512328251947212,.1481673996901326,.024056621,4.847856379857479
14,4096,Rescaled_1.0,.15573578283172146,.15232199789794737,.024056621,1.2119640949643697
14,4096,Rescaled_2.0,.15619027458307533,.15241230838514835,.024056621,.6059820474821849
14,4096,Rescaled_4.0,.15633491732366767,.15249795358969348,.024056621,.30299102374109244
14,4096,Rescaled_8.0,.15633789105224788,.15249783539022838,.024056621,.15149551187054622
14,4096,ExactStein,.1536941255698928,.1503347928696841,.209148105,3.02
14,4096,ImpulseStein,.15523995670489513,.15198438076022097,.169818872,1.82
14,4096,OracleX,.1514423914759284,.150841543253167,.022954246,1.054097066815886
14,4096,OracleZ,.15626310540929056,.15255924711282232,.023541751,.11295897797649233
14,4096,Ridge,.1562342584501243,.15241767232171163,.00476087,.11295897797649233
14,8192,NaiveX,.15304740865096172,.1519916022228074,590717e-9,0
14,8192,NaiveZ,.15873742865596346,.15404018178770112,587505e-9,0
14,8192,FullInfo,.15681193958420206,.1560302927158474,579334e-9,0
14,8192,MLE,.12987675426955053,.12343715889636497,.015494637,2.4097777038200756
14,8192,MM,.15644744542250869,.1523701139183079,75673e-8,2.57237182669672
14,8192,EmpBayesX,.15337436699835183,.1521453001082928,.094343142,.2814942266369501
14,8192,Rescaled,.15878148243619544,.15402381027701428,.094343142,.14074711331847506
14,8192,Rescaled_0.125,.15698148182607302,.15275091808799027,.094343142,2.251953813095601
14,8192,Rescaled_0.25,.15818504632688984,.15361788214465383,.094343142,1.1259769065478005
14,8192,Rescaled_1.0,.15874667744344462,.15402523161838444,.094343142,.2814942266369501
14,8192,Rescaled_2.0,.15878148243619544,.15402381027701428,.094343142,.14074711331847506
14,8192,Rescaled_4.0,.15880823142469735,.15399381630377235,.094343142,.07037355665923753
14,8192,Rescaled_8.0,.15880147320916546,.15400775093958707,.094343142,.035186778329618765
14,8192,ExactStein,.15569042417665663,.15159536231757398,.430391742,3.53
14,8192,ImpulseStein,.155899283145564,.15177597874021612,.352705816,3.27
14,8192,OracleX,.15321922124304435,.15221046413923423,.09359165,1.0106274719096289
14,8192,OracleZ,.15870627760841893,.15404893074960474,.090006697,.23580407796298813
14,8192,Ridge,.15881367392271284,.15397616809277537,.008835551,.23580407796298813
14,16384,NaiveX,.1551671933171201,.15485106673890325,.001260076,0
14,16384,NaiveZ,.1610191566731311,.15674891840224991,.001255816,0
14,16384,FullInfo,.1590954968699586,.1587274888717343,.001245829,0
14,16384,MLE,.13121236171317158,.12548393170257818,.031421733,2.3738039515194402
14,16384,MM,.1584689759052086,.15489433899596894,.001603067,2.5523297704300223
14,16384,EmpBayesX,.15559907100186018,.15513080148569258,.354351136,.7489678115572032
14,16384,Rescaled,.16096320837831896,.15672498752756925,.354351136,.3744839057786016
14,16384,Rescaled_0.125,.15366841098406964,.1503313571917154,.354351136,5.991742492457625
14,16384,Rescaled_0.25,.15812154785973528,.1545534041209741,.354351136,2.9958712462288126
14,16384,Rescaled_1.0,.16082576610674443,.15662203639201097,.354351136,.7489678115572032
14,16384,Rescaled_2.0,.16096320837831896,.15672498752756925,.354351136,.3744839057786016
14,16384,Rescaled_4.0,.1610126391764273,.1567806646779547,.354351136,.1872419528893008
14,16384,Rescaled_8.0,.16105558233273645,.15676846677626358,.354351136,.0936209764446504
14,16384,ExactStein,.15760488670087594,.15398541523683434,.905848013,3.53
14,16384,ImpulseStein,.15760791957271966,.153987356649821,.750020237,3.52
14,16384,OracleX,.15558231392599894,.15513971830151563,.352562571,.7363852212690432
14,16384,OracleZ,.1609675875315045,.15679249409125945,.354088323,.22578585836403053
14,16384,Ridge,.16096320837831893,.15672498752756922,.018091197,.22578585836403053
14,32768,NaiveX,.15370590984198101,.1534592983074069,.002680509,0
14,32768,NaiveZ,.15978044995590288,.15533741611130464,.002697969,0
14,32768,FullInfo,.1577671952536348,.15728984309853702,.002674921,0
14,32768,MLE,.12891921344735996,.12342664535439521,.062640368,2.36711992654979
14,32768,MM,.1571797556532525,.1536145236969736,.003352731,2.5489497522788227
14,32768,EmpBayesX,.15397556751507985,.1536284365579543,1.406505394,.49134859595793956
14,32768,Rescaled,.1597192674386842,.1553841900010355,1.406505394,.24567429797896978
14,32768,Rescaled_0.125,.15544895925992636,.15202133832096387,1.406505394,3.9307887676635165
14,32768,Rescaled_0.25,.15806404615847258,.15431856305819694,1.406505394,1.9653943838317582
14,32768,Rescaled_1.0,.1596331187915795,.15540000453704786,1.406505394,.49134859595793956
14,32768,Rescaled_2.0,.1597192674386842,.1553841900010355,1.406505394,.24567429797896978
14,32768,Rescaled_4.0,.15974805339241493,.15538754155014606,1.406505394,.12283714898948489
14,32768,Rescaled_8.0,.15978712157984953,.1553574964458584,1.406505394,.061418574494742445
14,32768,ExactStein,.1567270691931193,.15321413594518546,1.899576197,3.1
14,32768,ImpulseStein,.1557561467683929,.15226667581348763,1.586317855,3.72
14,32768,OracleX,.15394576368324522,.1536451528007322,1.405081121,.4164337277070607
14,32768,OracleZ,.1596308234544466,.1554150056626072,1.394214725,.4707085849694917
14,32768,Ridge,.15968320228950472,.15538779890355917,.03551136,.4707085849694917
14,65536,NaiveX,.15368570593000785,.15322409327575237,.006003417,0
14,65536,NaiveZ,.15943211772956956,.15507342630725998,.005992661,0
14,65536,FullInfo,.15749998083784242,.15698831123524776,.006587919,0
14,65536,MLE,.1291676206733603,.1238745524347703,.157558793,2.3831626506162866
14,65536,MM,.156734508086097,.15315829651665785,.00732663,2.564238434958738
14,65536,EmpBayesX,.15382519564765906,.15337259717879237,5.483748597,.4245909770896219
14,65536,Rescaled,.1593552513359729,.1550998062343747,5.483748597,.21229548854481095
14,65536,Rescaled_0.125,.15561512201912933,.1521682648940171,5.483748597,3.396727816716975
14,65536,Rescaled_0.25,.15792939859810112,.1541207024039853,5.483748597,1.6983639083584876
14,65536,Rescaled_1.0,.15926337506593896,.15509449331687986,5.483748597,.4245909770896219
14,65536,Rescaled_2.0,.1593552513359729,.1550998062343747,5.483748597,.21229548854481095
14,65536,Rescaled_4.0,.15942002768582053,.1551046710444718,5.483748597,.10614774427240548
14,65536,Rescaled_8.0,.15942377283078274,.1550970173384256,5.483748597,.05307387213620274
14,65536,ExactStein,.15538146734257458,.15194431284678284,4.096412819,3.59
14,65536,ImpulseStein,.15538860820706604,.151953409022964,3.472304753,3.58
14,65536,OracleX,.15381792736719313,.15337315708342408,5.52256757,.4174347812205065
14,65536,OracleZ,.15940772792829852,.1551246576451138,5.466079241,.1232927686396619
14,65536,Ridge,.1592886841617732,.15510304864291607,.072204992,.1232927686396619
14,131072,NaiveX,.15300922853751314,.15290165506839587,.013085114,0
14,131072,NaiveZ,.15898813047665838,.15480336751220497,.013644403,0
14,131072,FullInfo,.1569517437064994,.15675576285231624,.01305131,0
14,131072,MLE,.12835737919645332,.1233059701746595,.289719524,2.400714488927293
14,131072,MM,.15633142004444017,.15280667188119698,.016262823,2.5952500628406834
14,131072,EmpBayesX,.15313359459152837,.15300951084581238,22.494079869,.48063498532977433
14,131072,Rescaled,.15895262702437488,.1548194525762669,22.494079869,.24031749266488717
14,131072,Rescaled_0.125,.1546201336407389,.15125400016185964,22.494079869,3.8450798826381947
14,131072,Rescaled_0.25,.15726359120582273,.15358293453766592,22.494079869,1.9225399413190973
14,131072,Rescaled_1.0,.15885146952245977,.15478396091035324,22.494079869,.48063498532977433
14,131072,Rescaled_2.0,.15895262702437488,.1548194525762669,22.494079869,.24031749266488717
14,131072,Rescaled_4.0,.1589941254670422,.1548235670913266,22.494079869,.12015874633244358
14,131072,Rescaled_8.0,.15899870866704635,.1548141796328475,22.494079869,.06007937316622179
14,131072,ExactStein,.1547573369425451,.1513746638868258,8.795367135,3.76
14,131072,ImpulseStein,.15474613517942026,.15136491921705295,7.558553501,3.77
14,131072,OracleX,.15312648690829184,.15301468581145372,22.795905262,.5341594576575802
14,131072,OracleZ,.15899210905169345,.15483236656581076,22.435876169,.13836639269754125
14,131072,Ridge,.15888445450958696,.1547991319733558,.144932676,.13836639269754125
15,256,NaiveX,.1760045371788861,.17418223858502477,52939e-9,0
15,256,NaiveZ,.17785045352109358,.17303136215087841,21232e-9,0
15,256,FullInfo,.17436368545784878,.17589013245481694,19835e-9,0
15,256,MLE,.1350345894238229,.1269228325116804,572839e-9,2.011107601487627
15,256,MM,.17701350480149586,.17429002595171242,29752e-9,2.1411565612928216
15,256,EmpBayesX,.17651783702507645,.174693457490106,134096e-9,.5765387443405906
15,256,Rescaled,.17756137693029403,.1735773784544486,134096e-9,.2882693721702953
15,256,Rescaled_0.125,.17080897810576992,.1671065013477972,134096e-9,4.612309954724725
15,256,Rescaled_0.25,.17701350480149586,.17429002595171242,134096e-9,2.3061549773623624
15,256,Rescaled_1.0,.17756137693029403,.1735773784544486,134096e-9,.5765387443405906
15,256,Rescaled_2.0,.17756137693029403,.1735773784544486,134096e-9,.2882693721702953
15,256,Rescaled_4.0,.1776971534156034,.17346225593843345,134096e-9,.14413468608514765
15,256,Rescaled_8.0,.1776971534156034,.17346225593843345,134096e-9,.07206734304257383
15,256,ExactStein,.17701350480149586,.17429002595171242,.009395747,3.12
15,256,ImpulseStein,.17708961120789174,.17451597037023364,.008691329,1.82
15,256,OracleX,.17651783702507645,.174693457490106,132978e-9,.5765387443405906
15,256,OracleZ,.17708961120789174,.17451597037023361,130812e-9,.7011918614227233
15,256,Ridge,.17756137693029403,.1735773784544486,438045e-9,.7011918614227233
15,512,NaiveX,.17277369526263683,.16996925636933383,34781e-9,0
15,512,NaiveZ,.17615287084890735,.16914798365059508,33733e-9,0
15,512,FullInfo,.17285471213070985,.17179030796033268,33035e-9,0
15,512,MLE,.12687719419083232,.11787173292573004,.001024152,1.9938421301523777
15,512,MM,.17507554569322833,.16951840848635602,48749e-9,2.1507111994315764
15,512,EmpBayesX,.17277369526263683,.16996925636933383,368692e-9,0
15,512,Rescaled,.17615287084890735,.16914798365059508,368692e-9,0
15,512,Rescaled_0.125,.17615287084890735,.16914798365059508,368692e-9,0
15,512,Rescaled_0.25,.17615287084890735,.16914798365059508,368692e-9,0
15,512,Rescaled_1.0,.17615287084890735,.16914798365059508,368692e-9,0
15,512,Rescaled_2.0,.17615287084890735,.16914798365059508,368692e-9,0
15,512,Rescaled_4.0,.17615287084890735,.16914798365059508,368692e-9,0
15,512,Rescaled_8.0,.17615287084890735,.16914798365059508,368692e-9,0
15,512,ExactStein,.174344246780554,.169523000151353,.020341693,3.82
15,512,ImpulseStein,.174344246780554,.169523000151353,.013863774,3.82
15,512,OracleX,.17235391479502016,.1702820341147092,386083e-9,.7985781565121175
15,512,OracleZ,.1757298442027068,.17029801465040673,378889e-9,.2990372666259132
15,512,Ridge,.17591576985215995,.1700830622468653,678857e-9,.2990372666259132
15,1024,NaiveX,.1645210938205861,.16096759644778333,67258e-9,0
15,1024,NaiveZ,.1681992471605276,.16106399942714938,64534e-9,0
15,1024,FullInfo,.16557047260354057,.16346466846694735,64464e-9,0
15,1024,MLE,.12792238600282718,.12203219901326931,.00314216,2.221878524802804
15,1024,MM,.16589135895655527,.16087188682522635,91143e-9,2.38448876663526
15,1024,EmpBayesX,.1645210938205861,.16096759644778333,.001273766,0
15,1024,Rescaled,.1681992471605276,.16106399942714938,.001273766,0
15,1024,Rescaled_0.125,.1681992471605276,.16106399942714938,.001273766,0
15,1024,Rescaled_0.25,.1681992471605276,.16106399942714938,.001273766,0
15,1024,Rescaled_1.0,.1681992471605276,.16106399942714938,.001273766,0
15,1024,Rescaled_2.0,.1681992471605276,.16106399942714938,.001273766,0
15,1024,Rescaled_4.0,.1681992471605276,.16106399942714938,.001273766,0
15,1024,Rescaled_8.0,.1681992471605276,.16106399942714938,.001273766,0
15,1024,ExactStein,.16479479905141498,.16034050808709693,.044365558,3.86
15,1024,ImpulseStein,.16788535934321125,.1615710990485465,.034436362,1.02
15,1024,OracleX,.1639022999028603,.16125248044683865,.001291505,.36451684918015087
15,1024,OracleZ,.16793567160988204,.16191554041036604,.001436915,.47335335585478516
15,1024,Ridge,.16788675954824317,.16183333675454148,.001163277,.47335335585478516
15,2048,NaiveX,.16360353915778714,.1618902422242765,132908e-9,0
15,2048,NaiveZ,.16924928522010682,.16310481540148897,131442e-9,0
15,2048,FullInfo,.16738765052993676,.1656985293267002,.001168654,0
15,2048,MLE,.13326199690135906,.12760031437978983,.003759766,2.312942742170751
15,2048,MM,.16742399146791692,.1621701820160767,177466e-9,2.4914162334561
15,2048,EmpBayesX,.16407272155028066,.16235117007724742,.005879309,.9289249759185191
15,2048,Rescaled,.16899378201949913,.16346284913425257,.005879309,.46446248795925954
15,2048,Rescaled_0.125,.1594884493116127,.15553540313048897,.005879309,7.431399807348153
15,2048,Rescaled_0.25,.1654619524800416,.1608615042466005,.005879309,3.7156999036740763
15,2048,Rescaled_1.0,.16893092742257604,.16350078402692525,.005879309,.9289249759185191
15,2048,Rescaled_2.0,.16899378201949913,.16346284913425257,.005879309,.46446248795925954
15,2048,Rescaled_4.0,.1691241006097195,.16342534987680296,.005879309,.23223124397962977
15,2048,Rescaled_8.0,.1692404415479673,.1633909320071742,.005879309,.11611562198981489
15,2048,ExactStein,.16631260648427462,.16154537376416334,.099808433,3.48
15,2048,ImpulseStein,.1689187784489692,.16342337336851104,.079495374,1.18
15,2048,OracleX,.16407272155028066,.16235117007724742,.005906128,.9289249759185191
15,2048,OracleZ,.1688433479200051,.16372548858620806,.006611316,.5046099943006086
15,2048,Ridge,.16907090974973582,.16345433592048508,.002081899,.5046099943006086
15,4096,NaiveX,.15229481436228168,.15084019154278716,276501e-9,0
15,4096,NaiveZ,.15779634514398916,.1522214703161379,275873e-9,0
15,4096,FullInfo,.15521542278922965,.15461349978698463,275943e-9,0
15,4096,MLE,.12656708853512372,.12039011579146988,.008304129,2.400377990608165
15,4096,MM,.15507331220775905,.1503374561795331,367575e-9,2.5970249299550052
15,4096,EmpBayesX,.15253972823258513,.15094589011580334,.024007453,.1341026011116487
15,4096,Rescaled,.15780965579097164,.15223851043181047,.024007453,.06705130055582435
15,4096,Rescaled_0.125,.15709297488782226,.15197467190368097,.024007453,1.0728208088931896
15,4096,Rescaled_0.25,.15759038723751356,.15221273225457932,.024007453,.5364104044465948
15,4096,Rescaled_1.0,.15779378804154837,.1522959938610351,.024007453,.1341026011116487
15,4096,Rescaled_2.0,.15780965579097164,.15223851043181047,.024007453,.06705130055582435
15,4096,Rescaled_4.0,.15780827003825293,.15224006610184254,.024007453,.033525650277912177
15,4096,Rescaled_8.0,.15779634514398916,.15222147031613786,.024007453,.016762825138956088
15,4096,ExactStein,.15616663636019756,.1512199727334994,.208444733,2.08
15,4096,ImpulseStein,.1569412244174011,.1518052134558669,.16971418,1.3
15,4096,OracleX,.15222370074741037,.150960612121262,.02412304,.6145609523384145
15,4096,OracleZ,.15776764105228777,.15242320214534655,.021905788,.23785265096199043
15,4096,Ridge,.15772097719436162,.1522453975051387,.004135791,.23785265096199043
15,8192,NaiveX,.15315482821509713,.15220149721170917,58967e-8,0
15,8192,NaiveZ,.1588051264044947,.15386466033061935,591276e-9,0
15,8192,FullInfo,.15647800831350261,.1560302927158474,580241e-9,0
15,8192,MLE,.12891332027303148,.123409786467581,.016298022,2.408371499419598
15,8192,MM,.15589799069546198,.1518035166380199,754774e-9,2.573973162163472
15,8192,EmpBayesX,.15339296668438018,.1523387620117239,.093809485,.09980547438980245
15,8192,Rescaled,.15877103675587445,.15385004575384822,.093809485,.04990273719490122
15,8192,Rescaled_0.125,.15831682881491718,.15360250334872427,.093809485,.7984437951184196
15,8192,Rescaled_0.25,.15867759447935556,.1538225231776731,.093809485,.3992218975592098
15,8192,Rescaled_1.0,.1587512470656739,.15389015729295788,.093809485,.09980547438980245
15,8192,Rescaled_2.0,.15877103675587445,.15385004575384822,.093809485,.04990273719490122
15,8192,Rescaled_4.0,.1587974601865226,.15383341204239925,.093809485,.02495136859745061
15,8192,Rescaled_8.0,.15879767865508304,.1538475405168453,.093809485,.012475684298725306
15,8192,ExactStein,.15608337334251915,.15203991580507645,.433804815,2.52
15,8192,ImpulseStein,.15699081728810332,.15254929505414577,.35609661,1.92
15,8192,OracleX,.15332878898184288,.15235483531589286,.094888533,.21264381869085838
15,8192,OracleZ,.1587512470656739,.15389015729295788,.091877606,.09927259646170655
15,8192,Ridge,.1586775944793556,.1538225231776731,.008963011,.09927259646170655
15,16384,NaiveX,.15588506386158457,.15500933045549753,.001261543,0
15,16384,NaiveZ,.16132680879634873,.156695533505753,.001235073,0
15,16384,FullInfo,.15908482114462152,.1587274888717343,.001947245,0
15,16384,MLE,.1303848475280345,.12535608812337773,.03104047,2.370561331195128
15,16384,MM,.15852343800447224,.15485206897771808,.001581347,2.5491834493652035
15,16384,EmpBayesX,.1560407791442726,.1551297843579446,.359242819,.09652366142911403
15,16384,Rescaled,.16132537541269065,.15667826045878228,.359242819,.048261830714557016
15,16384,Rescaled_0.125,.16095843423800843,.1566093467958218,.359242819,.7721892914329123
15,16384,Rescaled_0.25,.16125847808643484,.15675348255018415,.359242819,.38609464571645613
15,16384,Rescaled_1.0,.1612881946722462,.1566935456514002,.359242819,.09652366142911403
15,16384,Rescaled_2.0,.16132537541269065,.15667826045878228,.359242819,.048261830714557016
15,16384,Rescaled_4.0,.16131934360412847,.15666874015072638,.359242819,.024130915357278508
15,16384,Rescaled_8.0,.16131004055942738,.1566768850407019,.359242819,.012065457678639254
15,16384,ExactStein,.15900601749947157,.15520117328559419,.901021491,2.4
15,16384,ImpulseStein,.16001093296505833,.15579564283180833,.745328998,1.67
15,16384,OracleX,.1560407791442726,.1551297843579446,.357634585,.09652366142911403
15,16384,OracleZ,.16125742865259157,.15678886917301962,.361358732,.3368776446842464
15,16384,Ridge,.16124394353581625,.15675407879800252,.018035324,.3368776446842464
15,32768,NaiveX,.1534553425800968,.15354620935714047,.002707468,0
15,32768,NaiveZ,.15895260455970173,.15530373766967132,.002702997,0
15,32768,FullInfo,.1567578713291402,.15728984309853702,.003367886,0
15,32768,MLE,.1278907275372042,.12341842702517197,.064424394,2.3754386867186246
15,32768,MM,.1564269901936437,.15347215497668987,.003395544,2.5629493721830734
15,32768,EmpBayesX,.15357938424717363,.1536715062040257,1.431013748,.3653354658139021
15,32768,Rescaled,.1589547162954305,.15533718918877526,1.431013748,.18266773290695104
15,32768,Rescaled_0.125,.15596081291159994,.1530572927106955,1.431013748,2.9226837265112167
15,32768,Rescaled_0.25,.1580597162475292,.1546095491196828,1.431013748,1.4613418632556083
15,32768,Rescaled_1.0,.15889690977841225,.15532813460392886,1.431013748,.3653354658139021
15,32768,Rescaled_2.0,.1589547162954305,.15533718918877526,1.431013748,.18266773290695104
15,32768,Rescaled_4.0,.15894078853277213,.15532444145726895,1.431013748,.09133386645347552
15,32768,Rescaled_8.0,.15895660077690973,.15529298937752653,1.431013748,.04566693322673776
15,32768,ExactStein,.1567270893658951,.15371503267042075,1.904700172,2.43
15,32768,ImpulseStein,.1532180834118979,.1504848987508112,1.590975361,4.93
15,32768,OracleX,.1534863540269879,.1536815066200301,1.3872028,.6994056478473503
15,32768,OracleZ,.15896043342383803,.1553422271374571,1.414069974,.19298560806905785
15,32768,Ridge,.15888892426529933,.15532378062711646,.03521181,.19298560806905785
15,65536,NaiveX,.15327428668240622,.15316369436906735,.005966681,0
15,65536,NaiveZ,.15888676812121524,.1550389452634352,.006576046,0
15,65536,FullInfo,.15687052657891945,.15698831123524776,.005955925,0
15,65536,MLE,.12866061972699902,.12381544052705828,.124622133,2.388051041921985
15,65536,MM,.15632047871805932,.15306536053466033,.00726929,2.572197728108167
15,65536,EmpBayesX,.15342752776589816,.15329756554010104,5.572978519,.4821257329703243
15,65536,Rescaled,.15885530054460895,.15504094429109894,5.572978519,.24106286648516215
15,65536,Rescaled_0.125,.1545488792921942,.15135469264061097,5.572978519,3.8570058637625944
15,65536,Rescaled_0.25,.15725336638831158,.15379571926043556,5.572978519,1.9285029318812972
15,65536,Rescaled_1.0,.15876472686683704,.15497414534266038,5.572978519,.4821257329703243
15,65536,Rescaled_2.0,.15885530054460895,.15504094429109894,5.572978519,.24106286648516215
15,65536,Rescaled_4.0,.15889546439398797,.15504193432047308,5.572978519,.12053143324258107
15,65536,Rescaled_8.0,.1588872801138301,.15504188113813963,5.572978519,.06026571662129054
15,65536,ExactStein,.15629153074003668,.153045115008907,4.095241511,2.59
15,65536,ImpulseStein,.15457630702366018,.15137658013208308,3.480419263,3.84
15,65536,OracleX,.15340233998175545,.15331331173311716,5.580179645,.4256089653988511
15,65536,OracleZ,.15889007458740306,.15505572010561508,5.500606746,.028856842644306546
15,65536,Ridge,.15880285756820745,.1550039531834365,.072549309,.028856842644306546
15,131072,NaiveX,.15303770973634218,.15281924368373145,.013697273,0
15,131072,NaiveZ,.1588476123197391,.15474481065979712,.013101038,0
15,131072,FullInfo,.15678941210580602,.15675576285231624,.013054872,0
15,131072,MLE,.12827139185572034,.1232895986683915,.255563155,2.401398761333658
15,131072,MM,.15627061300155493,.15274702351946073,.016378339,2.5975135034630976
15,131072,EmpBayesX,.15309667009875683,.15289254698107163,22.656961476,.17339478510567538
15,131072,Rescaled,.15885390114524003,.1547660438218785,22.656961476,.08669739255283769
15,131072,Rescaled_0.125,.15790556272468098,.1540842654604636,22.656961476,1.387158280845403
15,131072,Rescaled_0.25,.15860522913000286,.15462188121448323,22.656961476,.6935791404227015
15,131072,Rescaled_1.0,.15883444970449312,.15475436019457423,22.656961476,.17339478510567538
15,131072,Rescaled_2.0,.15885390114524003,.1547660438218785,22.656961476,.08669739255283769
15,131072,Rescaled_4.0,.15885167804043115,.15476251618433956,22.656961476,.043348696276418845
15,131072,Rescaled_8.0,.15885635578497354,.15475547252560334,22.656961476,.021674348138209423
15,131072,ExactStein,.1561741347069031,.1526709215238345,8.762653827,2.68
15,131072,ImpulseStein,.1548835069348387,.15145290830896452,7.516978032,3.57
15,131072,OracleX,.1530772435087655,.1529086852666982,22.836155074,.4516726529142773
15,131072,OracleZ,.15885353591467458,.15477388548246238,22.571082328,.06521104564876753
15,131072,Ridge,.15875254537495148,.15471332234402824,.137125748,.06521104564876753
11,256,NaiveZ,.14043265953981268,.1417428141054014,22e-6,0
11,256,FullInfo,.13918805496832287,.14342152227026034,20603e-9,0
11,256,MLE,.11358209975061201,.11613810266312816,615861e-9,2.520599010107284
11,256,MM,.13770210263762345,.13986470394609476,30521e-9,2.7255141972502215
11,256,EmpBayesX,.13451485103200186,.1386291585447564,133257e-9,.8065936276354612
11,256,Rescaled,.1404326595398127,.1417428141054014,133257e-9,.4032968138177306
11,256,Rescaled_0.125,.13356143566309994,.13411787035100825,133257e-9,6.452749021083689
11,256,Rescaled_0.25,.13700475857180214,.13880284660692355,133257e-9,3.2263745105418447
11,256,Rescaled_1.0,.1403877108555852,.14219359396082987,133257e-9,.8065936276354612
11,256,Rescaled_2.0,.1404326595398127,.1417428141054014,133257e-9,.4032968138177306
11,256,Rescaled_4.0,.14043265953981268,.1417428141054014,133257e-9,.2016484069088653
11,256,Rescaled_8.0,.14043265953981268,.1417428141054014,133257e-9,.10082420345443265
11,256,ExactStein,.14061667891681962,.1417910234397562,.010430307,2.29
11,256,ImpulseStein,.1380529585195788,.13952433530876568,.00887571,3.1
11,256,OracleX,.13423570978795618,.13888345050111314,152534e-9,1.2811850800307578
11,256,OracleZ,.1403877108555852,.14219359396082987,161683e-9,.8005199430000909
11,256,Ridge,.1405716346845513,.14202604311950467,675295e-9,.8005199430000909
11,512,NaiveX,.1476557269565367,.15024931731715355,41556e-9,0
11,512,NaiveZ,.15462319308839256,.15279163082915903,396e-7,0
11,512,FullInfo,.1536768943482016,.15459781497808484,41415e-9,0
11,512,MLE,.12014611301773777,.11964312945112184,.001494603,2.3249367598263375
11,512,MM,.15174436844990943,.15071924486704827,62299e-9,2.520583476747109
11,512,EmpBayesX,.1497551978426495,.15148502414720283,484699e-9,1.4798022439781773
11,512,Rescaled,.15371666836036213,.15297379241040165,484699e-9,.7399011219890886
11,512,Rescaled_0.125,.14216522206567447,.1416789398631378,484699e-9,11.838417951825418
11,512,Rescaled_0.25,.14594042161219187,.14597572269557613,484699e-9,5.919208975912709
11,512,Rescaled_1.0,.15284892425385505,.15217711366185968,484699e-9,1.4798022439781773
11,512,Rescaled_2.0,.15371666836036213,.15297379241040165,484699e-9,.7399011219890886
11,512,Rescaled_4.0,.1535477500507469,.15315951806582434,484699e-9,.3699505609945443
11,512,Rescaled_8.0,.15404488677999878,.15295453974923465,484699e-9,.18497528049727216
11,512,ExactStein,.15018495262892145,.1493610119115879,.021911935,4.82
11,512,ImpulseStein,.15014068491447902,.14934981321135374,.016442524,4.95
11,512,OracleX,.14971978963731758,.1514864336507293,429873e-9,1.2005089892401608
11,512,OracleZ,.1535477500507469,.15315951806582434,430571e-9,.27396930862794366
11,512,Ridge,.15373396319254995,.15298283545919913,731587e-9,.27396930862794366
11,1024,NaiveX,.15097286400253046,.1502394242374594,69632e-9,0
11,1024,NaiveZ,.15756535643629607,.1523183087968421,68026e-9,0
11,1024,FullInfo,.1562800236253395,.15453037063323044,78711e-9,0
11,1024,MLE,.12363647720925768,.12005812404666569,.002057105,2.519816772571845
11,1024,MM,.15483622651043372,.15110286750593876,968e-7,2.7230741083107795
11,1024,EmpBayesX,.1523843832594014,.1507541350744878,.001349613,1.1710382103871473
11,1024,Rescaled,.15632858019303358,.15236628242264466,.001349613,.5855191051935736
11,1024,Rescaled_0.125,.14679999917748898,.14391407102850917,.001349613,9.368305683097178
11,1024,Rescaled_0.25,.15222494202799697,.14823497664806307,.001349613,4.684152841548589
11,1024,Rescaled_1.0,.1560436160522261,.1524778655319845,.001349613,1.1710382103871473
11,1024,Rescaled_2.0,.15632858019303358,.15236628242264466,.001349613,.5855191051935736
11,1024,Rescaled_4.0,.15676088435219138,.15235529556577582,.001349613,.2927595525967868
11,1024,Rescaled_8.0,.15722054810257907,.15219224633333223,.001349613,.1463797762983934
11,1024,ExactStein,.15459567763029192,.15112343166512662,.046954714,3.35
11,1024,ImpulseStein,.15459567763029192,.15112343166512662,.035186109,3.26
11,1024,OracleX,.15238040365437333,.15075753996378471,.00129402,.7639886413227567
11,1024,OracleZ,.1560436160522261,.1524778655319845,.001515975,1.1193682033130243
11,1024,Ridge,.15642317731980587,.1522802712127408,.001166769,1.1193682033130243
11,2048,NaiveX,.14879116221132974,.14898273832734432,132279e-9,0
11,2048,NaiveZ,.15472086603176813,.1509765466458513,134025e-9,0
11,2048,FullInfo,.15372925273289303,.15306778538495444,134095e-9,0
11,2048,MLE,.12700251362247245,.12270464036473636,.003865994,2.4214188987023646
11,2048,MM,.15164056290774286,.14897285327764734,187594e-9,2.617157081287204
11,2048,EmpBayesX,.14991060955896274,.14952664461613466,.00634557,.7438275099271304
11,2048,Rescaled,.15404557953335526,.151259249450354,.00634557,.3719137549635652
11,2048,Rescaled_0.125,.14623969807398388,.14427429806127479,.00634557,5.950620079417043
11,2048,Rescaled_0.25,.15099978504077738,.1484991521297664,.00634557,2.9753100397085217
11,2048,Rescaled_1.0,.15403954074210904,.15121033045869597,.00634557,.7438275099271304
11,2048,Rescaled_2.0,.15404557953335526,.151259249450354,.00634557,.3719137549635652
11,2048,Rescaled_4.0,.15441826493819505,.15118147628720224,.00634557,.1859568774817826
11,2048,Rescaled_8.0,.15461492187593245,.15106211881111103,.00634557,.0929784387408913
11,2048,ExactStein,.15056772018733933,.14823005742692144,.099997842,3.37
11,2048,ImpulseStein,.14726254691023008,.1450903405456196,.081126867,4.96
11,2048,OracleX,.1498921519995367,.1495276420158452,.005345722,.8764721327821661
11,2048,OracleZ,.15402315351788992,.15130218681628316,.0052191,1.0327065518618908
11,2048,Ridge,.15398014815894048,.15125573035340206,.003049131,1.0327065518618908
11,4096,NaiveX,.15044062236069866,.14954155605145564,281321e-9,0
11,4096,NaiveZ,.15638037724161588,.15181579818936186,280133e-9,0
11,4096,FullInfo,.15465810962156568,.1535228623124099,278108e-9,0
11,4096,MLE,.12844676740134103,.12280339411891342,.007513805,2.457823753962373
11,4096,MM,.15318519183482598,.1495407541239219,373022e-9,2.6360063201019344
11,4096,EmpBayesX,.1518174104449963,.1503073340023482,.021933655,.8387976410446506
11,4096,Rescaled,.15608525265918685,.15189439588029902,.021933655,.4193988205223253
11,4096,Rescaled_0.125,.14676562170880053,.14427058644473062,.021933655,6.710381128357205
11,4096,Rescaled_0.25,.15216037407822455,.1487806699730404,.021933655,3.3551905641786024
11,4096,Rescaled_1.0,.15564631582321406,.15190792595464112,.021933655,.8387976410446506
11,4096,Rescaled_2.0,.15608525265918685,.15189439588029902,.021933655,.4193988205223253
11,4096,Rescaled_4.0,.1563105132643622,.15187104067758606,.021933655,.20969941026116265
11,4096,Rescaled_8.0,.156344847020413,.15184509561287646,.021933655,.10484970513058132
11,4096,ExactStein,.15130890630332872,.1481559294173226,.210094454,3.9
11,4096,ImpulseStein,.155880837020633,.15185207733876127,.170869145,.46
11,4096,OracleX,.1518174104449963,.1503073340023482,.021959775,.8387976410446506
11,4096,OracleZ,.1562361968507297,.15193568376001676,.021878621,.32666959653168537
11,4096,Ridge,.1560180746883038,.1518996005178149,.005057137,.32666959653168537
11,8192,NaiveX,.15250628279574052,.1519322560072886,621378e-9,0
11,8192,NaiveZ,.1582853767120468,.15385784354074217,594e-6,0
11,8192,FullInfo,.15653133559507917,.15588847109062223,590787e-9,0
11,8192,MLE,.12850641107740865,.12301102340330172,.016088219,2.446812722286742
11,8192,MM,.1553874209344387,.1517221730879181,767626e-9,2.6344746679049895
11,8192,EmpBayesX,.1533822573872544,.15240336794193654,.089512151,.7451629613238602
11,8192,Rescaled,.15813589310249443,.15367756889023096,.089512151,.3725814806619301
11,8192,Rescaled_0.125,.15060812755475725,.14781743272235826,.089512151,5.961303690590881
11,8192,Rescaled_0.25,.1550669523433632,.15143690703867713,.089512151,2.9806518452954407
11,8192,Rescaled_1.0,.15788429360056216,.1536539685774821,.089512151,.7451629613238602
11,8192,Rescaled_2.0,.15813589310249443,.15367756889023096,.089512151,.3725814806619301
11,8192,Rescaled_4.0,.15823235858613036,.15376410879708358,.089512151,.18629074033096504
11,8192,Rescaled_8.0,.1582229638246422,.15390360925783178,.089512151,.09314537016548252
11,8192,ExactStein,.15408028086001507,.15073655581563278,.435188651,3.64
11,8192,ImpulseStein,.15263379680949188,.1495567769643012,.357061467,4.52
11,8192,OracleX,.1533822573872544,.15240336794193654,.088401605,.7451629613238602
11,8192,OracleZ,.15822506299873584,.15393199398173674,.087690062,.06146450937240425
11,8192,Ridge,.15810806662146953,.153716272963631,.009160942,.06146450937240425
11,16384,NaiveX,.15320853850391014,.15281824214547024,.001268946,0
11,16384,NaiveZ,.15895838177465987,.15472807943515837,.001248762,0
11,16384,FullInfo,.1569564056282184,.15672832077724141,.001273766,0
11,16384,MLE,.12888709261713166,.12357054890723115,.033562228,2.4091207401576957
11,16384,MM,.15621919598827078,.152695298946655,.001613264,2.603050690318799
11,16384,EmpBayesX,.1535273592760517,.1529441532170421,.363846548,.6930909786773125
11,16384,Rescaled,.1588055105894558,.15465378183415587,.363846548,.34654548933865625
11,16384,Rescaled_0.125,.15217684525527744,.14907531842879174,.363846548,5.5447278294185
11,16384,Rescaled_0.25,.1559549260251833,.15247998985487515,.363846548,2.77236391470925
11,16384,Rescaled_1.0,.1585611085374258,.15451525207307537,.363846548,.6930909786773125
11,16384,Rescaled_2.0,.1588055105894558,.15465378183415587,.363846548,.34654548933865625
11,16384,Rescaled_4.0,.15892635869735683,.15469286565913878,.363846548,.17327274466932813
11,16384,Rescaled_8.0,.15896518623548206,.15478412532281122,.363846548,.08663637233466406
11,16384,ExactStein,.15485257502844327,.15146649062881412,.90782061,3.7
11,16384,ImpulseStein,.15475657011742106,.15137788960824727,.750469246,3.77
11,16384,OracleX,.15350432610989778,.1529446615968048,.35886463,.6808888393221646
11,16384,OracleZ,.15896440311347737,.15478802227477,.344301186,.0888682340375348
11,16384,Ridge,.15879971149893185,.15463455346067062,.018808048,.0888682340375348
11,32768,NaiveX,.15319472473654122,.15287230877962668,.002676388,0
11,32768,NaiveZ,.1588846456115068,.15475682334099533,.002744832,0
11,32768,FullInfo,.15697113082483316,.15671394853657386,.002781568,0
11,32768,MLE,.1283553394882872,.12314998419051797,.103591804,2.4114124914420683
11,32768,MM,.15599526836986935,.15272087512355453,.00341887,2.6025983799163637
11,32768,EmpBayesX,.15337910693772874,.15299924706959073,1.447213574,.5444218145896124
11,32768,Rescaled,.15881671787050433,.15473639094052244,1.447213574,.2722109072948062
11,32768,Rescaled_0.125,.15346034435482037,.1504124919063768,1.447213574,4.355374516716899
11,32768,Rescaled_0.25,.15659606118082975,.1532455071855473,1.447213574,2.1776872583584495
11,32768,Rescaled_1.0,.15863229323501932,.15463307577022709,1.447213574,.5444218145896124
11,32768,Rescaled_2.0,.15881671787050433,.15473639094052244,1.447213574,.2722109072948062
11,32768,Rescaled_4.0,.15888866887174985,.15478130488981912,1.447213574,.1361054536474031
11,32768,Rescaled_8.0,.158901162829811,.15480416260703317,1.447213574,.06805272682370155
11,32768,ExactStein,.1557013943706282,.15241336869056266,1.902953791,2.82
11,32768,ImpulseStein,.15668852517820703,.15332141016041229,1.589436199,2.09
11,32768,OracleX,.15337365077983967,.15300362996813135,1.436425749,.576286313563929
11,32768,OracleZ,.15890102801079853,.15481203731895263,1.366403228,.07775688598273611
11,32768,Ridge,.15875199909127968,.15470095139016224,.036654382,.07775688598273611
11,65536,NaiveX,.15282862956896365,.15269737316357387,.006061455,0
11,65536,NaiveZ,.1586041615018417,.1546359540624831,.006061665,0
11,65536,FullInfo,.15672148958960336,.15658996738751035,.006033519,0
11,65536,MLE,.1281905748458434,.12300457715996746,.132711849,2.4107809194305063
11,65536,MM,.15572775749904633,.15246071449265716,.007975735,2.609850771847302
11,65536,EmpBayesX,.1530307210897654,.15280842144459286,5.637270703,.6404613159401745
11,65536,Rescaled,.15854083739257388,.1545978184480678,5.637270703,.32023065797008726
11,65536,Rescaled_0.125,.15233326027116698,.14940661845335002,5.637270703,5.123690527521396
11,65536,Rescaled_0.25,.15581385041998017,.1525386580038376,5.637270703,2.561845263760698
11,65536,Rescaled_1.0,.1583481728722353,.1545014570024507,5.637270703,.6404613159401745
11,65536,Rescaled_2.0,.15854083739257388,.1545978184480678,5.637270703,.32023065797008726
11,65536,Rescaled_4.0,.1585898393425712,.15465373812350594,5.637270703,.16011532898504363
11,65536,Rescaled_8.0,.15859565363524863,.1546571383432025,5.637270703,.08005766449252182
11,65536,ExactStein,.15249491433590606,.14956220366257006,4.091575821,5
11,65536,ImpulseStein,.1525529533628779,.14962329343814257,3.505998075,4.95
11,65536,OracleX,.15297070790961917,.15282694876433922,5.594814257,.46541599661117516
11,65536,OracleZ,.1585945128556334,.15466607062475268,5.409673814,.06307640677023542
11,65536,Ridge,.1585197100948379,.154548390940526,.072445805,.06307640677023542
11,131072,NaiveX,.1534092015469678,.15334056323143586,.013339824,0
11,131072,NaiveZ,.15914137032881037,.1553095029118407,.013774098,0
11,131072,FullInfo,.15728169837273237,.15728574529705097,.013158657,0
11,131072,MLE,.12822254170283842,.12331175535305158,.260901543,2.387217205787726
11,131072,MM,.15642219309542793,.15324941806129777,.016459775,2.591689300942579
11,131072,EmpBayesX,.15353007788981926,.1534447751817384,22.974129532,.5660221429816398
11,131072,Rescaled,.15908539174575242,.15532481550473265,22.974129532,.2830110714908199
11,131072,Rescaled_0.125,.15376569688445726,.1508654703160489,22.974129532,4.528177143853118
11,131072,Rescaled_0.25,.15692655411551226,.15368661557036942,22.974129532,2.264088571926559
11,131072,Rescaled_1.0,.1589425059234743,.15524433550254446,22.974129532,.5660221429816398
11,131072,Rescaled_2.0,.15908539174575242,.15532481550473265,22.974129532,.2830110714908199
11,131072,Rescaled_4.0,.1591157600569367,.1553191971174302,22.974129532,.14150553574540994
11,131072,Rescaled_8.0,.1591277470095605,.15534027832419356,22.974129532,.07075276787270497
11,131072,ExactStein,.15508798570045484,.1520402056366388,8.818106688,3.55
11,131072,ImpulseStein,.15533646017134073,.15224982044834912,7.547361784,3.38
11,131072,OracleX,.15352349680317615,.15344858290857666,23.167615659,.5725098042565896
11,131072,OracleZ,.1591276795379682,.15534035170704363,22.446179853,.0683834530549589
11,131072,Ridge,.15903667098527818,.15528899182471928,.177316473,.0683834530549589
12,256,NaiveX,.13498149155828484,.13641940374286562,47212e-9,0
12,256,NaiveZ,.1434103585841311,.13978101383391403,20533e-9,0
12,256,FullInfo,.14145161386555788,.14342152227026034,19556e-9,0
12,256,MLE,.11982125605173954,.11541698279462946,58534e-8,2.431444044007753
12,256,MM,.14081137503371888,.13967732030980057,29543e-9,2.60245901567173
12,256,EmpBayesX,.13671039674530716,.1372178431853541,119707e-9,2.3646586483952703
12,256,Rescaled,.14315452032471349,.14173958124252864,119707e-9,1.1823293241976351
12,256,Rescaled_0.125,.1201725128466796,.11971186763110825,119707e-9,18.917269187162162
12,256,Rescaled_0.25,.13325284084033803,.13216218570441735,119707e-9,9.458634593581081
12,256,Rescaled_1.0,.14098182483423904,.13986722581440444,119707e-9,2.3646586483952703
12,256,Rescaled_2.0,.14315452032471349,.14173958124252864,119707e-9,1.1823293241976351
12,256,Rescaled_4.0,.14402825823768697,.1415386863356849,119707e-9,.5911646620988176
12,256,Rescaled_8.0,.14402825823768697,.1415386863356849,119707e-9,.2955823310494088
12,256,ExactStein,.14081137503371888,.13967732030980057,.012205113,3.83
12,256,ImpulseStein,.13917921208483847,.13845263816966824,.007036788,4.69
12,256,OracleX,.13671039674530716,.1372178431853541,121314e-9,2.3646586483952703
12,256,OracleZ,.14315452032471349,.1417395812425286,11426e-8,.7956692369763955
12,256,Ridge,.14402825823768697,.1415386863356849,462349e-9,.7956692369763955
12,512,NaiveX,.14771447318338365,.14989379137240855,34781e-9,0
12,512,NaiveZ,.1542528215886888,.15309405284348587,33873e-9,0
12,512,FullInfo,.15158063683931244,.15459781497808484,33733e-9,0
12,512,MLE,.12025224130326448,.11826340150135646,.001030229,2.2813750090384897
12,512,MM,.1525641533888705,.15207200624792017,50286e-9,2.44552627536549
12,512,EmpBayesX,.14856734154800016,.15055197971588963,370299e-9,1.7654017885117304
12,512,Rescaled,.15399022251737166,.1528779040264036,370299e-9,.8827008942558652
12,512,Rescaled_0.125,.14004218312430167,.14022867620760188,370299e-9,14.123214308093843
12,512,Rescaled_0.25,.14532690593787564,.14582267847389335,370299e-9,7.061607154046921
12,512,Rescaled_1.0,.1527113231623815,.15222633552445858,370299e-9,1.7654017885117304
12,512,Rescaled_2.0,.15399022251737166,.1528779040264036,370299e-9,.8827008942558652
12,512,Rescaled_4.0,.15439689704782358,.15317661095966847,370299e-9,.4413504471279326
12,512,Rescaled_8.0,.15434876238200265,.15313618068914744,370299e-9,.2206752235639663
12,512,ExactStein,.15102220746998926,.15092863855655186,.02059822,4.09
12,512,ImpulseStein,.15102220746998926,.15092863855655186,.016545749,4.01
12,512,OracleX,.14855126221256848,.15111384581483694,380635e-9,1.0289497136912957
12,512,OracleZ,.15439689704782356,.15317661095966847,389993e-9,.2634472836472055
12,512,Ridge,.15439689704782358,.15317661095966847,710077e-9,.2634472836472055
12,1024,NaiveX,.14725261121207261,.14988429099092976,66768e-9,0
12,1024,NaiveZ,.15276020526358536,.1526715311594563,66838e-9,0
12,1024,FullInfo,.1504972284696296,.15453037063323044,66209e-9,0
12,1024,MLE,.1205897286327572,.11899471656670259,.001948781,2.5396655795720338
12,1024,MM,.1504312213469282,.15119022931580003,94495e-9,2.7520048961621675
12,1024,EmpBayesX,.14795560869465918,.1508416829989372,.00148734,.9652020475046351
12,1024,Rescaled,.15234754388595165,.15239629601456128,.00148734,.48260102375231756
12,1024,Rescaled_0.125,.1445848931389832,.14486351957425025,.00148734,7.721616380037081
12,1024,Rescaled_0.25,.14899052803854423,.15001617591474467,.00148734,3.8608081900185405
12,1024,Rescaled_1.0,.15229379943837365,.15234534221527363,.00148734,.9652020475046351
12,1024,Rescaled_2.0,.15234754388595165,.15239629601456128,.00148734,.48260102375231756
12,1024,Rescaled_4.0,.15260141509080233,.15277218163414497,.00148734,.24130051187615878
12,1024,Rescaled_8.0,.15260141509080233,.15277218163414497,.00148734,.12065025593807939
12,1024,ExactStein,.14870443389490218,.14983909012881413,.045126549,4.22
12,1024,ImpulseStein,.15117844190642288,.151724722619706,.036117931,2.21
12,1024,OracleX,.14795560869465918,.1508416829989372,.001489645,.9652020475046351
12,1024,OracleZ,.15260141509080233,.15277218163414497,.001450324,.1186908950197198
12,1024,Ridge,.15234754388595165,.15239629601456128,.001190654,.1186908950197198
12,2048,NaiveX,.14618734920234056,.1481954499295718,133467e-9,0
12,2048,NaiveZ,.152997043399194,.15107134711893735,132559e-9,0
12,2048,FullInfo,.15119927208848194,.15306778538495444,132769e-9,0
12,2048,MLE,.12380544196403918,.1206638417268209,.00384162,2.4219889551714022
12,2048,MM,.15092454228072624,.14859042284541962,177467e-9,2.6260738445710214
12,2048,EmpBayesX,.1462665677203264,.1483572306307961,.006617881,.5061406892648767
12,2048,Rescaled,.15323205320712407,.150869226628012,.006617881,.2530703446324383
12,2048,Rescaled_0.125,.14817387328364656,.14583577071220238,.006617881,4.049125514119013
12,2048,Rescaled_0.25,.15188805258987384,.1495622115930867,.006617881,2.0245627570595066
12,2048,Rescaled_1.0,.15306314257344694,.15096708596580352,.006617881,.5061406892648767
12,2048,Rescaled_2.0,.15323205320712407,.150869226628012,.006617881,.2530703446324383
12,2048,Rescaled_4.0,.15311594184881405,.1511737439287955,.006617881,.12653517231621916
12,2048,Rescaled_8.0,.15298810674621538,.15117655541783043,.006617881,.06326758615810958
12,2048,ExactStein,.1518880525898738,.1495622115930867,.099848451,2.04
12,2048,ImpulseStein,.15302012075499358,.15098439853741483,.081089501,.55
12,2048,OracleX,.14615137195919853,.14847524428439873,.005666782,.7516418557124183
12,2048,OracleZ,.15314083007469492,.1511862263202941,.005441264,.12996853496067917
12,2048,Ridge,.15323407415581064,.15096339421393193,.002972725,.12996853496067917
12,4096,NaiveX,.1459271779841102,.14927301195562925,283975e-9,0
12,4096,NaiveZ,.15257888912196105,.15137651089407256,280063e-9,0
12,4096,FullInfo,.15014641228729955,.1535228623124099,276571e-9,0
12,4096,MLE,.12408127173500112,.12226259763001315,.007504167,2.4469105899827555
12,4096,MM,.15008926286951663,.14944133277841443,368273e-9,2.6281901975268416
12,4096,EmpBayesX,.1462830904191698,.14947587193651818,.02396848,.17999902927273756
12,4096,Rescaled,.15248607748185233,.15143577500395344,.02396848,.08999951463636878
12,4096,Rescaled_0.125,.15167807817703133,.15074167198946514,.02396848,1.4399922341819005
12,4096,Rescaled_0.25,.15242483909526067,.15135426763338633,.02396848,.7199961170909502
12,4096,Rescaled_1.0,.15257596484116998,.15139545421004424,.02396848,.17999902927273756
12,4096,Rescaled_2.0,.15248607748185233,.15143577500395344,.02396848,.08999951463636878
12,4096,Rescaled_4.0,.1525083231956593,.15130688602294767,.02396848,.04499975731818439
12,4096,Rescaled_8.0,.15257888912196105,.15137651089407256,.02396848,.022499878659092195
12,4096,ExactStein,.15102079565479865,.15036740353008823,.210891483,1.8
12,4096,ImpulseStein,.15109679293665737,.15037513888157072,.171984929,1.76
12,4096,OracleX,.1461873444871865,.14958353416578485,.023683878,.2338657071482564
12,4096,OracleZ,.15263619103894088,.15147971714349348,.022589395,.2439273786477813
12,4096,Ridge,.15249486015149155,.15138322089927084,.004922135,.2439273786477813
12,8192,NaiveX,.15095402543680064,.15225390585260729,599587e-9,0
12,8192,NaiveZ,.15662942158911788,.1537659472825736,589601e-9,0
12,8192,FullInfo,.15434573417864678,.15588847109062223,58946e-8,0
12,8192,MLE,.127164914313731,.12313943390641353,.015883933,2.445483733711832
12,8192,MM,.15396074487831524,.152058017333284,762877e-9,2.6272257956699074
12,8192,EmpBayesX,.15096243274378074,.1522775483513446,.092493606,.004766526883046549
12,8192,Rescaled,.15662942158911788,.1537659472825736,.092493606,.0023832634415232746
12,8192,Rescaled_0.125,.15662952008883058,.15378238787298887,.092493606,.03813221506437239
12,8192,Rescaled_0.25,.15662351304143574,.15376647931849197,.092493606,.019066107532186197
12,8192,Rescaled_1.0,.15662942158911788,.1537659472825736,.092493606,.004766526883046549
12,8192,Rescaled_2.0,.15662942158911788,.1537659472825736,.092493606,.0023832634415232746
12,8192,Rescaled_4.0,.15662942158911788,.1537659472825736,.092493606,.0011916317207616373
12,8192,Rescaled_8.0,.15662942158911788,.1537659472825736,.092493606,.0005958158603808186
12,8192,ExactStein,.15503739018807994,.15281568622163463,.436156372,1.84
12,8192,ImpulseStein,.15355594040190623,.15168368679784794,.358386496,2.86
12,8192,OracleX,.15092109864879405,.15239998381191777,.091810418,.39272471210064686
12,8192,OracleZ,.15641634194092519,.15398640727057533,.091564716,.4637355504911401
12,8192,Ridge,.1564369494481522,.15397453268536826,.009645989,.4637355504911401
12,16384,NaiveX,.15285433795078018,.153172508488772,.00127153,0
12,16384,NaiveZ,.15808369640910103,.15471196406829116,.001256444,0
12,16384,FullInfo,.1560027222179884,.15672832077724141,.001273137,0
12,16384,MLE,.1284041510791099,.12365901031568624,.03150254,2.4091756673121254
12,16384,MM,.15532174509328073,.1526269343179994,.001599854,2.596091288823347
12,16384,EmpBayesX,.15285433795078018,.153172508488772,.351420805,0
12,16384,Rescaled,.15808369640910103,.15471196406829116,.351420805,0
12,16384,Rescaled_0.125,.15808369640910103,.15471196406829116,.351420805,0
12,16384,Rescaled_0.25,.15808369640910103,.15471196406829116,.351420805,0
12,16384,Rescaled_1.0,.15808369640910103,.15471196406829116,.351420805,0
12,16384,Rescaled_2.0,.15808369640910103,.15471196406829116,.351420805,0
12,16384,Rescaled_4.0,.15808369640910103,.15471196406829116,.351420805,0
12,16384,Rescaled_8.0,.15808369640910103,.15471196406829116,.351420805,0
12,16384,ExactStein,.15522870519915105,.152529415163853,.907845824,2.7
12,16384,ImpulseStein,.15467049661800913,.15194174796790255,.753221551,3.04
12,16384,OracleX,.15285433795078018,.153172508488772,.35066219,0
12,16384,OracleZ,.1579156271189881,.154815744225831,.358084712,.43285363455739734
12,16384,Ridge,.15795502199409373,.15477202409932087,.017972816,.43285363455739734
12,32768,NaiveX,.1527677285219065,.15296730524595026,.002723321,0
12,32768,NaiveZ,.158424800565391,.1547143161366295,.002707048,0
12,32768,FullInfo,.15628566415703588,.15671394853657386,.002681137,0
12,32768,MLE,.12784666506960546,.12308294364599631,.06446993,2.410883131709655
12,32768,MM,.15564209853907532,.15257810933415614,.00340609,2.6000545840293845
12,32768,EmpBayesX,.15293102268785383,.1530910979004359,1.439943097,.15879189721040762
12,32768,Rescaled,.15839759936167933,.15472747622133498,1.439943097,.07939594860520381
12,32768,Rescaled_0.125,.15750537752037067,.15411026502353362,1.439943097,1.270335177683261
12,32768,Rescaled_0.25,.15817328857481522,.154614877632251,1.439943097,.6351675888416305
12,32768,Rescaled_1.0,.1584055169300333,.15474001792536562,1.439943097,.15879189721040762
12,32768,Rescaled_2.0,.15839759936167933,.15472747622133498,1.439943097,.07939594860520381
12,32768,Rescaled_4.0,.1584127676638043,.15473041464420859,1.439943097,.039697974302601906
12,32768,Rescaled_8.0,.15841850359222137,.15471761935013753,1.439943097,.019848987151300953
12,32768,ExactStein,.15294217135970642,.1499895548717689,1.915546663,4.57
12,32768,ImpulseStein,.1569343191157767,.15370258369694734,1.599836823,1.73
12,32768,OracleX,.15292279219529356,.15309989569580987,1.438727578,.1650484636927548
12,32768,OracleZ,.15835884744385087,.1547579043980005,1.400877444,.2790534596806437
12,32768,Ridge,.15827894650217922,.1546826119372626,.036910699,.2790534596806437
12,65536,NaiveX,.15290664780524038,.15285469779969174,.006079614,0
12,65536,NaiveZ,.1585225581738196,.1545578808319551,.006056147,0
12,65536,FullInfo,.1564623167529005,.15658996738751035,.006646935,0
12,65536,MLE,.1280764411838401,.12312033739865941,.162855766,2.4088056704142407
12,65536,MM,.1559179115914977,.1525348542501614,.007379988,2.60672392407362
12,65536,EmpBayesX,.15292405463460815,.1528814638542241,5.43467427,.10065937460145685
12,65536,Rescaled,.15850426674115636,.1545806417082117,5.43467427,.050329687300728426
12,65536,Rescaled_0.125,.15808291241485556,.15432091341565024,5.43467427,.8052749968116548
12,65536,Rescaled_0.25,.1583498784491371,.15454006726581987,5.43467427,.4026374984058274
12,65536,Rescaled_1.0,.15847283211163155,.15459060652415588,5.43467427,.10065937460145685
12,65536,Rescaled_2.0,.15850426674115636,.1545806417082117,5.43467427,.050329687300728426
12,65536,Rescaled_4.0,.1585239547057352,.15456941238208324,5.43467427,.025164843650364213
12,65536,Rescaled_8.0,.15852736478187476,.15455824601,5.43467427,.012582421825182107
12,65536,ExactStein,.1544010223953633,.1511284362786613,4.076196422,3.7
12,65536,ImpulseStein,.15601500009605213,.15261376521706854,3.469439445,2.51
12,65536,OracleX,.15292101940003838,.15290808115258803,5.489280586,.1882423872382141
12,65536,OracleZ,.1584730487246857,.15459555194425856,5.483926413,.1062291024004477
12,65536,Ridge,.1583508137202298,.15454176819636145,.072473672,.1062291024004477
12,131072,NaiveX,.15362852241320546,.15351914624166782,.013255247,0
12,131072,NaiveZ,.1592199321325103,.15527851802224954,.013724021,0
12,131072,FullInfo,.15721531383690424,.15728574529705097,.013212505,0
12,131072,MLE,.12836872144089503,.1234684800579805,.292003753,2.385416576515129
12,131072,MM,.15667143629832486,.15330583609238216,.016384416,2.588626017603852
12,131072,EmpBayesX,.15368251769122682,.15361587793056328,22.643392362,.3026670014870628
12,131072,Rescaled,.15919796713245388,.1553075313253679,22.643392362,.1513335007435314
12,131072,Rescaled_0.125,.1568868943575868,.15349967700897565,22.643392362,2.4213360118965026
12,131072,Rescaled_0.25,.15845969809790017,.15475130206499205,22.643392362,1.2106680059482513
12,131072,Rescaled_1.0,.15913077050201677,.1552962102407778,22.643392362,.3026670014870628
12,131072,Rescaled_2.0,.15919796713245388,.1553075313253679,22.643392362,.1513335007435314
12,131072,Rescaled_4.0,.15920087069226446,.1552948242692186,22.643392362,.0756667503717657
12,131072,Rescaled_8.0,.15920265894664715,.15529373054407586,22.643392362,.03783337518588285
12,131072,ExactStein,.15510692619448,.15191409903158087,8.778558643,3.67
12,131072,ImpulseStein,.1553708350941237,.15212943749160152,7.509278729,3.49
12,131072,OracleX,.15366824550006042,.15361747614692578,22.747667214,.3220859130822356
12,131072,OracleZ,.15919527532349986,.15530915251885216,22.074587907,.1535445782911574
12,131072,Ridge,.15908579374238127,.15527788504951806,.146196873,.1535445782911574
13,256,NaiveX,.1385847806152087,.14072329563369979,49377e-9,0
13,256,NaiveZ,.1429253237847633,.14178481753535033,20743e-9,0
13,256,FullInfo,.14129882379273512,.14342152227026034,19626e-9,0
13,256,MLE,.12161318140143822,.11696748303553824,.002218089,2.495883640621596
13,256,MM,.14016414840393598,.13813256594518375,32616e-9,2.7221393443023505
13,256,EmpBayesX,.1385847806152087,.14072329563369979,12774e-8,0
13,256,Rescaled,.1429253237847633,.14178481753535033,12774e-8,0
13,256,Rescaled_0.125,.1429253237847633,.14178481753535033,12774e-8,0
13,256,Rescaled_0.25,.1429253237847633,.14178481753535033,12774e-8,0
13,256,Rescaled_1.0,.1429253237847633,.14178481753535033,12774e-8,0
13,256,Rescaled_2.0,.1429253237847633,.14178481753535033,12774e-8,0
13,256,Rescaled_4.0,.1429253237847633,.14178481753535033,12774e-8,0
13,256,Rescaled_8.0,.1429253237847633,.14178481753535033,12774e-8,0
13,256,ExactStein,.14097659380063166,.14032447695604533,.009462237,2.41
13,256,ImpulseStein,.1429253237847633,.14178481753535033,.006977493,.94
13,256,OracleX,.1385847806152087,.14072329563369979,129905e-9,0
13,256,OracleZ,.1429253237847633,.14178481753535033,119358e-9,0
13,256,Ridge,.1429253237847633,.14178481753535033,459904e-9,0
13,512,NaiveX,.1477910620385448,.150245818381052,34501e-9,0
13,512,NaiveZ,.15653247959121283,.15266711208216283,34781e-9,0
13,512,FullInfo,.15358119832544848,.15459781497808484,33315e-9,0
13,512,MLE,.12407359179129436,.1178219227964625,.001051181,2.31452599750527
13,512,MM,.1543134231205564,.1518291175121853,49657e-9,2.5146129178602084
13,512,EmpBayesX,.14839973478859042,.14977247137291724,383638e-9,2.678084271743267
13,512,Rescaled,.15572513589076165,.15224219262281846,383638e-9,1.3390421358716336
13,512,Rescaled_0.125,.1349235671800397,.133105416640114,383638e-9,21.424674173946137
13,512,Rescaled_0.25,.14207936808125882,.14193086786323145,383638e-9,10.712337086973069
13,512,Rescaled_1.0,.15421676643837123,.15179526700997525,383638e-9,2.678084271743267
13,512,Rescaled_2.0,.15572513589076165,.15224219262281846,383638e-9,1.3390421358716336
13,512,Rescaled_4.0,.15572513589076165,.1522421926228185,383638e-9,.6695210679358168
13,512,Rescaled_8.0,.15646272866557406,.1517367030303649,383638e-9,.3347605339679084
13,512,ExactStein,.1532375551842451,.15108209514866083,.02077883,3.71
13,512,ImpulseStein,.1535345114185423,.15101033476842973,.015432968,3.44
13,512,OracleX,.14799399882526257,.15066099155642293,387759e-9,.0703827101715567
13,512,OracleZ,.15653247959121283,.15266711208216283,372323e-9,0
13,512,Ridge,.15646272866557406,.1517367030303649,710635e-9,0
13,1024,NaiveX,.1500829777045815,.1511070571517311,65931e-9,0
13,1024,NaiveZ,.15628125082624073,.15268554885065322,65791e-9,0
13,1024,FullInfo,.15285774709992664,.15453037063323044,65302e-9,0
13,1024,MLE,.12499466826641181,.11964391055966517,.001953111,2.531879702521958
13,1024,MM,.153397091371889,.15096285525084588,9219e-8,2.7419011201092798
13,1024,EmpBayesX,.1501904878866451,.15108659011891418,.001532318,.1760073817103104
13,1024,Rescaled,.1562856085085186,.15265603965775582,.001532318,.0880036908551552
13,1024,Rescaled_0.125,.15506577823375955,.15173203543893043,.001532318,1.4080590536824833
13,1024,Rescaled_0.25,.1557843910382716,.1524030080484488,.001532318,.7040295268412416
13,1024,Rescaled_1.0,.15638450174978974,.15271071643945217,.001532318,.1760073817103104
13,1024,Rescaled_2.0,.1562856085085186,.15265603965775582,.001532318,.0880036908551552
13,1024,Rescaled_4.0,.15628165560467908,.15264816556790256,.001532318,.0440018454275776
13,1024,Rescaled_8.0,.15628125082624073,.15268554885065322,.001532318,.0220009227137888
13,1024,ExactStein,.15275553451311738,.15075864138987333,.045309533,3.38
13,1024,ImpulseStein,.15171735064586078,.14958035676234843,.036168496,3.82
13,1024,OracleX,.15018474032260298,.15121067590353338,.001532458,.08818590886801062
13,1024,OracleZ,.15640096297867548,.1527306612566966,.001467226,.2107593447437887
13,1024,Ridge,.15635972668754092,.15233032048313438,.00115734,.2107593447437887
13,2048,NaiveX,.1487098230531736,.14895890829499464,133816e-9,0
13,2048,NaiveZ,.15582212945543672,.1511030432662568,133257e-9,0
13,2048,FullInfo,.15275530597011427,.15306778538495444,151346e-9,0
13,2048,MLE,.12817262468835805,.1229227196933062,.003768287,2.4065733854139837
13,2048,MM,.15280690057474458,.14873571648760747,18012e-8,2.6068643971524206
13,2048,EmpBayesX,.1488940031503746,.14911135295860528,.006601608,.19254198419597496
13,2048,Rescaled,.1559151803813793,.15134783680227354,.006601608,.09627099209798748
13,2048,Rescaled_0.125,.1547909983396374,.14986885237964478,.006601608,1.5403358735677997
13,2048,Rescaled_0.25,.15545209302095223,.15080508913147178,.006601608,.7701679367838998
13,2048,Rescaled_1.0,.15596551648065116,.15122645012714928,.006601608,.19254198419597496
13,2048,Rescaled_2.0,.1559151803813793,.15134783680227354,.006601608,.09627099209798748
13,2048,Rescaled_4.0,.15588340324140845,.15126413502580394,.006601608,.04813549604899374
13,2048,Rescaled_8.0,.15582212945543672,.1511030432662568,.006601608,.02406774802449687
13,2048,ExactStein,.1545942140205293,.149859161488279,.099921715,1.68
13,2048,ImpulseStein,.15582212945543672,.1511030432662568,.081310689,.01
13,2048,OracleX,.14840171779247802,.1493963473793684,.005653163,.9271219822818412
13,2048,OracleZ,.15591583400808065,.15134987059637273,.005569702,.11097711525617054
13,2048,Ridge,.15598141836148394,.15105891243475938,.002999543,.11097711525617054
13,4096,NaiveX,.15098729370624828,.14996717449349858,282718e-9,0
13,4096,NaiveZ,.15651631500439062,.15169662032420875,2772e-7,0
13,4096,FullInfo,.1541756649163316,.1535228623124099,278806e-9,0
13,4096,MLE,.1276881241426147,.12299261796027575,.007605017,2.443938715731846
13,4096,MM,.1540232555996715,.14947885365491037,371626e-9,2.626871791996118
13,4096,EmpBayesX,.15098729370624828,.14996717449349858,.023059357,0
13,4096,Rescaled,.15651631500439062,.15169662032420875,.023059357,0
13,4096,Rescaled_0.125,.15651631500439062,.15169662032420875,.023059357,0
13,4096,Rescaled_0.25,.15651631500439062,.15169662032420875,.023059357,0
13,4096,Rescaled_1.0,.15651631500439062,.15169662032420875,.023059357,0
13,4096,Rescaled_2.0,.15651631500439062,.15169662032420875,.023059357,0
13,4096,Rescaled_4.0,.15651631500439062,.15169662032420875,.023059357,0
13,4096,Rescaled_8.0,.15651631500439062,.15169662032420875,.023059357,0
13,4096,ExactStein,.15581151788203204,.15124484745570474,.210502187,1.26
13,4096,ImpulseStein,.15581151788203204,.15124484745570474,.17131997,1.25
13,4096,OracleX,.15041021289504714,.15017937450577512,.023333065,1.1537733607328433
13,4096,OracleZ,.15645948132746995,.1517866108984932,.022268544,.3418830104038207
13,4096,Ridge,.1564566048524809,.15170903287364548,.004986528,.3418830104038207
13,8192,NaiveX,.15291651781312038,.15208918978664326,595258e-9,0
13,8192,NaiveZ,.15791819991456224,.15398079087509642,594558e-9,0
13,8192,FullInfo,.15555249121183995,.15588847109062223,595188e-9,0
13,8192,MLE,.12751818565911574,.12303598242585523,.015847895,2.4444960463130654
13,8192,MM,.15554346410340936,.1519095563992944,778311e-9,2.640571663389043
13,8192,EmpBayesX,.1529900840878355,.15210399213681994,.086377814,.006239298764196761
13,8192,Rescaled,.15791819991456224,.15398079087509642,.086377814,.0031196493820983807
13,8192,Rescaled_0.125,.1579497409144779,.15396500125056922,.086377814,.04991439011357409
13,8192,Rescaled_0.25,.1579497409144779,.15396500125056922,.086377814,.024957195056787045
13,8192,Rescaled_1.0,.15791819991456224,.15398079087509642,.086377814,.006239298764196761
13,8192,Rescaled_2.0,.15791819991456224,.15398079087509642,.086377814,.0031196493820983807
13,8192,Rescaled_4.0,.15791819991456224,.15398079087509642,.086377814,.0015598246910491903
13,8192,Rescaled_8.0,.15791819991456224,.15398079087509642,.086377814,.0007799123455245952
13,8192,ExactStein,.156124446579953,.15235024026246152,.438451636,2.3
13,8192,ImpulseStein,.15722386645858194,.15357153645014363,.360071626,1.26
13,8192,OracleX,.152916181680411,.15235375027444495,.086340239,.5129978293593533
13,8192,OracleZ,.1578928327157773,.1541092822876649,.083916258,.3104794682973702
13,8192,Ridge,.15789763408423185,.15406942006436444,.009020839,.3104794682973702
13,16384,NaiveX,.15326365311771944,.15303702934752494,.001279283,0
13,16384,NaiveZ,.15873476359229105,.15486726076044263,.001260147,0
13,16384,FullInfo,.15649410537161165,.15672832077724141,.001260635,0
13,16384,MLE,.12826472286169316,.12354144487583123,.032471098,2.4044970020369965
13,16384,MM,.15611968286217265,.15283056390818947,.001626673,2.597580528826801
13,16384,EmpBayesX,.1533517988122528,.15302390132904314,.340984981,.10684721244998054
13,16384,Rescaled,.15876865272589719,.15483057415627138,.340984981,.05342360622499027
13,16384,Rescaled_0.125,.15837275930497663,.15470643558250655,.340984981,.8547776995998443
13,16384,Rescaled_0.25,.1586042359280947,.15486030427449998,.340984981,.42738884979992214
13,16384,Rescaled_1.0,.15871802492768564,.1548543230049259,.340984981,.10684721244998054
13,16384,Rescaled_2.0,.15876865272589719,.15483057415627138,.340984981,.05342360622499027
13,16384,Rescaled_4.0,.1587593569125074,.15485419352743068,.340984981,.026711803112495134
13,16384,Rescaled_8.0,.15874282460803116,.15486589672181383,.340984981,.013355901556247567
13,16384,ExactStein,.15599510951966508,.15273512331803818,.913637621,2.67
13,16384,ImpulseStein,.1581400954569342,.15457010990198233,.756096848,1.04
13,16384,OracleX,.15329495546898617,.15309451852067782,.339754029,.41933558078635363
13,16384,OracleZ,.15875198689115638,.15490849481386526,.344922563,.15906274085639346
13,16384,Ridge,.1586455627374203,.15488265233473333,.017911286,.15906274085639346
13,32768,NaiveX,.15274410650937292,.1528923206152846,.003381855,0
13,32768,NaiveZ,.15832600280875508,.1546303976147469,.002737848,0
13,32768,FullInfo,.15612366565075186,.15671394853657386,.002698597,0
13,32768,MLE,.12757162921168042,.12320880323275119,.063909803,2.4058211802743896
13,32768,MM,.15553836921580735,.15241550508401364,.003400991,2.5984655844715947
13,32768,EmpBayesX,.15278869889495186,.15294845595964815,1.480804927,.15501082735374463
13,32768,Rescaled,.158283759165947,.1546518417874912,1.480804927,.07750541367687232
13,32768,Rescaled_0.125,.15742134823841503,.15407334420547802,1.480804927,1.240086618829957
13,32768,Rescaled_0.25,.1580751785593308,.15454902881273425,1.480804927,.6200433094149785
13,32768,Rescaled_1.0,.158306234031532,.15465099714858432,1.480804927,.15501082735374463
13,32768,Rescaled_2.0,.158283759165947,.1546518417874912,1.480804927,.07750541367687232
13,32768,Rescaled_4.0,.15830507471569125,.15463959080381748,1.480804927,.03875270683843616
13,32768,Rescaled_8.0,.1583070015932918,.15462836419687948,1.480804927,.01937635341921808
13,32768,ExactStein,.15435912708157312,.15131612935389252,1.909721969,3.46
13,32768,ImpulseStein,.15211771627948373,.14917343744098097,1.595197336,5
13,32768,OracleX,.15276737476578373,.1530203617407793,1.435080187,.5131006198425991
13,32768,OracleZ,.15820271896685778,.15468795622079934,1.396414167,.3403911455699556
13,32768,Ridge,.15819641402681345,.1546510482214284,.035873556,.3403911455699556
13,65536,NaiveX,.15279306980078688,.15275408681991232,.006011659,0
13,65536,NaiveZ,.15850795254612232,.15458069094361113,.006038687,0
13,65536,FullInfo,.15625627813788773,.15658996738751035,.005973665,0
13,65536,MLE,.12769823671146752,.12307870631605172,.127116374,2.403850397743078
13,65536,MM,.15578168229879275,.152411216682372,.007373563,2.603194649830484
13,65536,EmpBayesX,.15290227496920075,.1528872275862898,5.635917668,.5703301892707173
13,65536,Rescaled,.15843030914578243,.1546014876140272,5.635917668,.28516509463535866
13,65536,Rescaled_0.125,.1531524403932824,.15001242986845353,5.635917668,4.562641514165739
13,65536,Rescaled_0.25,.15625626238338075,.15280134935003986,5.635917668,2.2813207570828693
13,65536,Rescaled_1.0,.15829585858246026,.1545171127530119,5.635917668,.5703301892707173
13,65536,Rescaled_2.0,.15843030914578243,.1546014876140272,5.635917668,.28516509463535866
13,65536,Rescaled_4.0,.15847503965394144,.1545902522488669,5.635917668,.14258254731767933
13,65536,Rescaled_8.0,.15848876325444017,.15458445726944955,5.635917668,.07129127365883967
13,65536,ExactStein,.15404208095435928,.15083071845627688,4.1018735,3.91
13,65536,ImpulseStein,.15404208095435928,.15083071845627688,3.48079864,3.91
13,65536,OracleX,.1528985539825679,.15289556970201995,5.671416735,.5549628646363021
13,65536,OracleZ,.15842975829057482,.15461331263891165,5.422759696,.32187965242535455
13,65536,Ridge,.15838606234269625,.15457923940501628,.072329449,.32187965242535455
13,131072,NaiveX,.1534498623339263,.1534276408383119,.013113539,0
13,131072,NaiveZ,.15923110459575218,.1552973413175235,.013769279,0
13,131072,FullInfo,.15711904611501631,.15728574529705097,.013103831,0
13,131072,MLE,.1280288915114102,.12328957605515964,.258331035,2.3852624516463896
13,131072,MM,.1565708114996911,.15326480716425595,.016376104,2.589806642284284
13,131072,EmpBayesX,.1535362082960256,.15356830060860782,22.607257809,.5500685715613222
13,131072,Rescaled,.15917585792090416,.15535007362895523,22.607257809,.2750342857806611
13,131072,Rescaled_0.125,.15412366626737356,.151044172148493,22.607257809,4.400548572490577
13,131072,Rescaled_0.25,.1571129482168182,.1537283225017908,22.607257809,2.2002742862452886
13,131072,Rescaled_1.0,.15905551041355978,.1552970226005595,22.607257809,.5500685715613222
13,131072,Rescaled_2.0,.15917585792090416,.15535007362895523,22.607257809,.2750342857806611
13,131072,Rescaled_4.0,.15921506099224064,.15533491800420293,22.607257809,.13751714289033054
13,131072,Rescaled_8.0,.15920793783024162,.15531383967226509,22.607257809,.06875857144516527
13,131072,ExactStein,.15482224005492798,.15169364422595738,8.750848066,3.87
13,131072,ImpulseStein,.15582490345863537,.15260269943185678,7.482155936,3.1
13,131072,OracleX,.1535239476310841,.15357124805607253,22.837671187,.5845712380734029
13,131072,OracleZ,.15914090859013186,.15535761991267624,22.281688894,.3503316256871036
13,131072,Ridge,.15914163862375263,.15534500385420075,.146631146,.3503316256871036
14,256,NaiveX,.14060496064087813,.13768373140334716,4833e-8,0
14,256,NaiveZ,.1466432227951423,.14124078220889308,20742e-9,0
14,256,FullInfo,.1449873977564906,.14342152227026034,19835e-9,0
14,256,MLE,.12149926631010094,.11413596176111379,587156e-9,2.4997916457877216
14,256,MM,.14216813381860186,.13856585453420678,29613e-9,2.6833025958963015
14,256,EmpBayesX,.14060496064087813,.13768373140334716,133327e-9,0
14,256,Rescaled,.1466432227951423,.14124078220889308,133327e-9,0
14,256,Rescaled_0.125,.1466432227951423,.14124078220889308,133327e-9,0
14,256,Rescaled_0.25,.1466432227951423,.14124078220889308,133327e-9,0
14,256,Rescaled_1.0,.1466432227951423,.14124078220889308,133327e-9,0
14,256,Rescaled_2.0,.1466432227951423,.14124078220889308,133327e-9,0
14,256,Rescaled_4.0,.1466432227951423,.14124078220889308,133327e-9,0
14,256,Rescaled_8.0,.1466432227951423,.14124078220889308,133327e-9,0
14,256,ExactStein,.14493262883208036,.14087931061856157,.011089189,1.62
14,256,ImpulseStein,.1415968464478459,.1371575831173414,.006909678,5
14,256,OracleX,.13799691993639351,.13809697759639522,137518e-9,.5689475270036657
14,256,OracleZ,.14657732774909787,.14156979681785248,138565e-9,.07072632357422376
14,256,Ridge,.14657732774909787,.14156979681785248,451523e-9,.07072632357422376
14,512,NaiveX,.14716834557756306,.14974338848921653,3506e-8,0
14,512,NaiveZ,.158126675558452,.15271577414122828,33524e-9,0
14,512,FullInfo,.1554709787713609,.15459781497808484,33105e-9,0
14,512,MLE,.12308985140377596,.12081340513563958,.001039099,2.3162831497568686
14,512,MM,.15393308549727447,.15155850817428168,49168e-9,2.50615177084713
14,512,EmpBayesX,.1481304313908724,.14971365929341265,383638e-9,1.447136336306708
14,512,Rescaled,.15693402355711403,.15249249546072374,383638e-9,.723568168153354
14,512,Rescaled_0.125,.14496404414529945,.14246745244221004,383638e-9,11.577090690453664
14,512,Rescaled_0.25,.1498726487423794,.14654394926465894,383638e-9,5.788545345226832
14,512,Rescaled_1.0,.15586472809106586,.15269207157690567,383638e-9,1.447136336306708
14,512,Rescaled_2.0,.15693402355711403,.15249249546072374,383638e-9,.723568168153354
14,512,Rescaled_4.0,.15781910288494283,.15314275710573644,383638e-9,.361784084076677
14,512,Rescaled_8.0,.15812667555845203,.15271577414122828,383638e-9,.1808920420383385
14,512,ExactStein,.15557194555507928,.15218927234994575,.020569445,2.46
14,512,ImpulseStein,.15145262913877555,.1489081195021157,.01530886,4.92
14,512,OracleX,.1477495872045334,.15007385746559343,394883e-9,.1579615461620074
14,512,OracleZ,.15781260582945755,.1531690424762419,339708e-9,.23907075608831452
14,512,Ridge,.1574599255893939,.15228547637520282,717549e-9,.23907075608831452
14,1024,NaiveX,.14645660108580433,.14925777230230816,67607e-9,0
14,1024,NaiveZ,.15575327238692438,.15208411966558252,67746e-9,0
14,1024,FullInfo,.15367109925893535,.15453037063323044,66279e-9,0
14,1024,MLE,.12436487091731718,.12057975738374446,.001969524,2.5478740713527994
14,1024,MM,.1528180617046468,.15095286203729968,93587e-9,2.761961389833456
14,1024,EmpBayesX,.148439765485555,.14957793064359404,.00146974,1.8185637587191883
14,1024,Rescaled,.15449480779181066,.15233728056647203,.00146974,.9092818793595941
14,1024,Rescaled_0.125,.14150512849036198,.13997851583333054,.00146974,14.548510069753506
14,1024,Rescaled_0.25,.14720381256137013,.14490958881422267,.00146974,7.274255034876753
14,1024,Rescaled_1.0,.15338716170241248,.15127452078361078,.00146974,1.8185637587191883
14,1024,Rescaled_2.0,.15449480779181066,.15233728056647203,.00146974,.9092818793595941
14,1024,Rescaled_4.0,.1554173707426525,.15226700423143696,.00146974,.4546409396797971
14,1024,Rescaled_8.0,.15534141996869105,.15227453786107228,.00146974,.22732046983989854
14,1024,ExactStein,.14985273944860072,.14817210259228186,.045080244,4.72
14,1024,ImpulseStein,.14980323733864456,.14804543528178873,.035788909,5
14,1024,OracleX,.148439765485555,.14957793064359404,.001462267,1.8185637587191883
14,1024,OracleZ,.15537688599621985,.15268793001212635,.001596432,.5279928610857486
14,1024,Ridge,.1554173707426525,.15226700423143696,.001184858,.5279928610857486
14,2048,NaiveX,.1463360731822808,.14855857477918682,133537e-9,0
14,2048,NaiveZ,.15445109676042257,.15072290523511633,132698e-9,0
14,2048,FullInfo,.1518930908681517,.15306778538495444,133257e-9,0
14,2048,MLE,.12566131746748008,.12093282329965163,.00383715,2.433418960634181
14,2048,MM,.15156710187769273,.1490138959336077,182356e-9,2.644116608811114
14,2048,EmpBayesX,.14803612061809213,.1487234113089444,.006611386,1.7591589055149297
14,2048,Rescaled,.15360909881934526,.15086308886633232,.006611386,.8795794527574649
14,2048,Rescaled_0.125,.1379518290144433,.13680385388430824,.006611386,14.073271244119438
14,2048,Rescaled_0.25,.14432899693899393,.14226391075792463,.006611386,7.036635622059719
14,2048,Rescaled_1.0,.15235259228710063,.1499859751304799,.006611386,1.7591589055149297
14,2048,Rescaled_2.0,.15360909881934526,.15086308886633232,.006611386,.8795794527574649
14,2048,Rescaled_4.0,.15414287073036365,.15122520879798718,.006611386,.4397897263787324
14,2048,Rescaled_8.0,.15431917529565753,.1509807132848508,.006611386,.2198948631893662
14,2048,ExactStein,.15142265557465642,.1488754267572337,.0998752,3.01
14,2048,ImpulseStein,.15066882471373366,.1484296888984068,.081286523,3.36
14,2048,OracleX,.1477222130740466,.14897779523999227,.005556642,1.4823740533420742
14,2048,OracleZ,.15421525522621415,.15133640150463423,.006124592,.3802578401812997
14,2048,Ridge,.15414287073036365,.15122520879798718,.002968184,.3802578401812997
14,4096,NaiveX,.14981220110718507,.14952934856089298,283207e-9,0
14,4096,NaiveZ,.15660818560869993,.15163775084579034,292844e-9,0
14,4096,FullInfo,.15392449548086795,.1535228623124099,27748e-8,0
14,4096,MLE,.12809783738384645,.1224784094766381,.007579805,2.459461106667229
14,4096,MM,.15369123302758125,.14976009417069072,372254e-9,2.644862373248979
14,4096,EmpBayesX,.15032942113862188,.1496040233840395,.022905637,.9796759823071984
14,4096,Rescaled,.15638448337811273,.15179517321794778,.022905637,.4898379911535992
14,4096,Rescaled_0.125,.14575623043014435,.14273394840775228,.022905637,7.8374078584575875
14,4096,Rescaled_0.25,.15145611337690099,.1478924012614123,.022905637,3.9187039292287937
14,4096,Rescaled_1.0,.15574812596887408,.15135835441651269,.022905637,.9796759823071984
14,4096,Rescaled_2.0,.15638448337811273,.15179517321794778,.022905637,.4898379911535992
14,4096,Rescaled_4.0,.15653029417866696,.1517644791903956,.022905637,.2449189955767996
14,4096,Rescaled_8.0,.15656413179158898,.15171321482836864,.022905637,.1224594977883998
14,4096,ExactStein,.15234361428958484,.14864160133467502,.242313565,3.55
14,4096,ImpulseStein,.15035327607912005,.14683548626350273,.171445056,4.92
14,4096,OracleX,.1500953233132397,.14963127718586947,.022897116,.428279469422524
14,4096,OracleZ,.15629299407420372,.15184888761167503,.022810372,.6410043882659437
14,4096,Ridge,.1563446793835583,.15172474258904284,.004871989,.6410043882659437
14,8192,NaiveX,.1519477715060118,.151835313098365,605385e-9,0
14,8192,NaiveZ,.15773504942895727,.15392477894613735,593721e-9,0
14,8192,FullInfo,.15562635614798032,.15588847109062223,593162e-9,0
14,8192,MLE,.12783687542346647,.12250607933274996,.015730981,2.453181274021378
14,8192,MM,.15489670540427686,.15173741485522624,762946e-9,2.645136182616405
14,8192,EmpBayesX,.15207195578336027,.15196999094100777,.088155624,.7628230193120005
14,8192,Rescaled,.15760211308639555,.15401800756334905,.088155624,.38141150965600024
14,8192,Rescaled_0.125,.1493595063827664,.14668459296154296,.088155624,6.102584154496004
14,8192,Rescaled_0.25,.15428976590136345,.1512330905065171,.088155624,3.051292077248002
14,8192,Rescaled_1.0,.1574383962856185,.1539664794690696,.088155624,.7628230193120005
14,8192,Rescaled_2.0,.15760211308639555,.15401800756334905,.088155624,.38141150965600024
14,8192,Rescaled_4.0,.15778546613033187,.1540020404322272,.088155624,.19070575482800012
14,8192,Rescaled_8.0,.15781293492892165,.15398041851220862,.088155624,.09535287741400006
14,8192,ExactStein,.154766989737306,.15151386141523338,.433981095,2.86
14,8192,ImpulseStein,.15152508130101866,.14865364684473725,.356161981,4.77
14,8192,OracleX,.152023463715506,.1519890993600111,.087479839,.721630138950989
14,8192,OracleZ,.15764735783428024,.15406472749750796,.087208296,.3025114679098332
14,8192,Ridge,.15754791365205922,.15399262680579986,.008838205,.3025114679098332
14,16384,NaiveX,.15327352404578404,.15260984664607136,.00128047,0
14,16384,NaiveZ,.15947604230934653,.15469095293901539,.001251626,0
14,16384,FullInfo,.15761413351904124,.15672832077724141,.001871886,0
14,16384,MLE,.1296274632275714,.12361467922769431,.031360413,2.412567177543799
14,16384,MM,.1565587259615867,.15246174813506075,.001614311,2.604939036863657
14,16384,EmpBayesX,.15340780066197107,.1526932177118514,.358017734,.7966396161572851
14,16384,Rescaled,.15940898271492698,.15472687958524634,.358017734,.39831980807864253
14,16384,Rescaled_0.125,.15125198572801424,.14777034936025313,.358017734,6.3731169292582805
14,16384,Rescaled_0.25,.1559429285032869,.15181426134526144,.358017734,3.1865584646291403
14,16384,Rescaled_1.0,.15912560387011015,.15465751425498436,.358017734,.7966396161572851
14,16384,Rescaled_2.0,.15940898271492698,.15472687958524634,.358017734,.39831980807864253
14,16384,Rescaled_4.0,.15957764463347618,.15469510093900263,.358017734,.19915990403932127
14,16384,Rescaled_8.0,.15955539192524762,.15472153349061035,.358017734,.09957995201966063
14,16384,ExactStein,.15567007373627723,.15163773733477312,.90628508,3.42
14,16384,ImpulseStein,.1538884352653463,.14990456797797688,.749504878,4.59
14,16384,OracleX,.15338686874672275,.15273702064799505,.355373682,.5262794871702269
14,16384,OracleZ,.15926763349145734,.15475607479673004,.349142653,.6388519237176606
14,16384,Ridge,.15940809045143411,.15472686558652177,.017674454,.6388519237176606
14,32768,NaiveX,.15298132456876543,.15268998563520988,.002706559,0
14,32768,NaiveZ,.15898097050275758,.1547505597322596,.003311734,0
14,32768,FullInfo,.15711014225739178,.15671394853657386,.002716757,0
14,32768,MLE,.12838347828208846,.12320335162751439,.063386691,2.4069270749171547
14,32768,MM,.15619220994275781,.1524499902001603,.003385486,2.5956220258579425
14,32768,EmpBayesX,.1531209460404884,.15275670613972736,1.421234572,.5163220862673034
14,32768,Rescaled,.15892075589247484,.15477813794605638,1.421234572,.2581610431336517
14,32768,Rescaled_0.125,.15411317372035244,.15045291170056324,1.421234572,4.130576690138427
14,32768,Rescaled_0.25,.15692580165721592,.1531090326484839,1.421234572,2.0652883450692134
14,32768,Rescaled_1.0,.158836718277815,.15470562587579362,1.421234572,.5163220862673034
14,32768,Rescaled_2.0,.15892075589247484,.15477813794605638,1.421234572,.2581610431336517
14,32768,Rescaled_4.0,.15899419553686095,.1547711623321148,1.421234572,.12908052156682584
14,32768,Rescaled_8.0,.1589879147152835,.15476436778344643,1.421234572,.06454026078341292
14,32768,ExactStein,.1552081754503415,.15151115622214428,1.907667588,3.39
14,32768,ImpulseStein,.15348357647913147,.14989708402121577,1.592837679,4.5
14,32768,OracleX,.1530893175140031,.15278388174853164,1.404390111,.4340232173890071
14,32768,OracleZ,.15899671782591848,.15479096955395666,1.39748665,.10967830306490263
14,32768,Ridge,.1588625809283702,.1547295279026907,.035511848,.10967830306490263
14,65536,NaiveX,.15310215494199775,.15266751832986475,.006548599,0
14,65536,NaiveZ,.15885420702237132,.1546070999876042,.00601529,0
14,65536,FullInfo,.1568711656399707,.15658996738751035,.005972827,0
14,65536,MLE,.1285200259326877,.12328930983173939,.158567091,2.406079920880508
14,65536,MM,.1561093114725059,.15238023958280317,.007351842,2.6029976608488994
14,65536,EmpBayesX,.15315232326154515,.15274192564555739,5.545158291,.3662592523346803
14,65536,Rescaled,.1588284120559566,.1546459515051844,5.545158291,.18312962616734016
14,65536,Rescaled_0.125,.1557239661182812,.15200429928586018,5.545158291,2.9300740186774425
14,65536,Rescaled_0.25,.15769902852299103,.15379871650419435,5.545158291,1.4650370093387213
14,65536,Rescaled_1.0,.15875277253349454,.15460694206849307,5.545158291,.3662592523346803
14,65536,Rescaled_2.0,.1588284120559566,.1546459515051844,5.545158291,.18312962616734016
14,65536,Rescaled_4.0,.1588407915623763,.15465159973411835,5.545158291,.09156481308367008
14,65536,Rescaled_8.0,.15885377085815272,.1546181942580498,5.545158291,.04578240654183504
14,65536,ExactStein,.1550873178617293,.15147216382823242,4.083037585,3.39
14,65536,ImpulseStein,.15515405738608792,.1515401131929085,3.464610619,3.33
14,65536,OracleX,.15315232326154515,.15274192564555739,5.52685338,.3662592523346803
14,65536,OracleZ,.15883419041877056,.1546668964643187,5.528895748,.1511089801884525
14,65536,Ridge,.1587473683259793,.15458769525728427,.072108331,.1511089801884525
14,131072,NaiveX,.15383774970266015,.1534675706604663,.013209431,0
14,131072,NaiveZ,.15963027881999592,.15533935305234506,.013182403,0
14,131072,FullInfo,.15751723265810536,.15728574529705097,.013653831,0
14,131072,MLE,.12858458099036593,.12327992972360721,.290023613,2.3845773360376743
14,131072,MM,.15690952486368423,.1531953513187497,.015816955,2.587370800639382
14,131072,EmpBayesX,.1539958429627891,.15358769515268633,22.116419623,.36709091779855946
14,131072,Rescaled,.15958976343029263,.1553604094362688,22.116419623,.18354545889927973
14,131072,Rescaled_0.125,.15644550446782624,.1527779360612009,22.116419623,2.9367273423884757
14,131072,Rescaled_0.25,.1584295186373624,.15455504966332342,22.116419623,1.4683636711942378
14,131072,Rescaled_1.0,.15950446368657845,.15533893314736372,22.116419623,.36709091779855946
14,131072,Rescaled_2.0,.15958976343029263,.1553604094362688,22.116419623,.18354545889927973
14,131072,Rescaled_4.0,.1596071747405039,.15536743731310654,22.116419623,.09177272944963986
14,131072,Rescaled_8.0,.15961834118383375,.1553577561773176,22.116419623,.04588636472481993
14,131072,ExactStein,.15549804412889973,.151978920547726,8.803108342,3.63
14,131072,ImpulseStein,.15426486914207838,.15090835923610385,7.532804975,4.47
14,131072,OracleX,.15397481733929874,.1535918026820936,22.156573333,.3061651972409535
14,131072,OracleZ,.1595826823838761,.15537285696089667,22.640727917,.21085519821065785
14,131072,Ridge,.15948127953194396,.15532772955812596,.146855756,.21085519821065785
15,256,NaiveX,.13073193347735051,.13939226264946059,45048e-9,0
15,256,NaiveZ,.13490908102705523,.14068647015916924,20743e-9,0
15,256,FullInfo,.13241916763427347,.14342152227026034,19555e-9,0
15,256,MLE,.11394682413959072,.11761743542542738,585759e-9,2.5393080572945523
15,256,MM,.13260854671925232,.13889732879788624,29333e-9,2.729096038422821
15,256,EmpBayesX,.13213718001983532,.13970351817167256,132629e-9,1.7355890655545254
15,256,Rescaled,.13430424157337056,.14034350921302724,132629e-9,.8677945327772627
15,256,Rescaled_0.125,.11828502289063358,.12346760882894331,132629e-9,13.884712524436203
15,256,Rescaled_0.25,.12671200787507164,.12988925578650476,132629e-9,6.942356262218102
15,256,Rescaled_1.0,.13342944185510563,.13891644702259826,132629e-9,1.7355890655545254
15,256,Rescaled_2.0,.13430424157337056,.14034350921302724,132629e-9,.8677945327772627
15,256,Rescaled_4.0,.13536992246351412,.1414343468267906,132629e-9,.43389726638863135
15,256,Rescaled_8.0,.13515929368559085,.1410005564802323,132629e-9,.21694863319431568
15,256,ExactStein,.13315824776335106,.13944019370065516,.009442681,2.24
15,256,ImpulseStein,.13436584880449876,.14024950162812588,.006934821,1.16
15,256,OracleX,.13163521412502333,.14029773941717258,135981e-9,.24532371175134235
15,256,OracleZ,.13502455912067696,.1418567231546229,130603e-9,.7134952211210717
15,256,Ridge,.13536992246351415,.14143434682679062,458368e-9,.7134952211210717
15,512,NaiveX,.15044127703484983,.15125270996750623,33454e-9,0
15,512,NaiveZ,.1544241248681262,.15123086168602856,32966e-9,0
15,512,FullInfo,.15216703098808743,.15459781497808484,32756e-9,0
15,512,MLE,.12184935096782543,.11977940248258274,.00102953,2.330607757549693
15,512,MM,.1540951200472718,.15005625083734078,49867e-9,2.520237950868668
15,512,EmpBayesX,.15185661593861188,.15080460596202638,367994e-9,2.1131419420052344
15,512,Rescaled,.15501376718372306,.15168529575672635,367994e-9,1.0565709710026172
15,512,Rescaled_0.125,.1399523861328583,.13786224785077594,367994e-9,16.905135536041875
15,512,Rescaled_0.25,.14840632537643317,.14514156342778564,367994e-9,8.452567768020938
15,512,Rescaled_1.0,.15409128613827588,.1507308372887072,367994e-9,2.1131419420052344
15,512,Rescaled_2.0,.15501376718372306,.15168529575672635,367994e-9,1.0565709710026172
15,512,Rescaled_4.0,.15435125843875241,.1516875313278801,367994e-9,.5282854855013086
15,512,Rescaled_8.0,.15471393593280602,.15151131242193683,367994e-9,.2641427427506543
15,512,ExactStein,.15162360574247713,.14733345963683037,.021607706,4.95
15,512,ImpulseStein,.15198977871055724,.14769859560198892,.015516359,4.78
15,512,OracleX,.1507494298228082,.1516176381175387,376444e-9,.7416326946200305
15,512,OracleZ,.1546538772037303,.15177689241450304,357308e-9,1.269419548535511
15,512,Ridge,.15435125843875241,.1516875313278801,694223e-9,1.269419548535511
15,1024,NaiveX,.1507703181041961,.15037748290762432,66908e-9,0
15,1024,NaiveZ,.15648693452368911,.1516046098138249,65092e-9,0
15,1024,FullInfo,.1543884736621673,.15453037063323044,65302e-9,0
15,1024,MLE,.1240875848214319,.12010224739604741,.001962331,2.5310310539150986
15,1024,MM,.1538215935290793,.14859213952486522,91422e-9,2.732821605477404
15,1024,EmpBayesX,.1509023867638298,.1501755057347476,.00141694,1.387246407994467
15,1024,Rescaled,.1567654423022884,.1521407323336001,.00141694,.6936232039972335
15,1024,Rescaled_0.125,.14688100806152107,.14348957011002933,.00141694,11.097971263955737
15,1024,Rescaled_0.25,.15123397936828928,.14704657145581418,.00141694,5.548985631977868
15,1024,Rescaled_1.0,.15602712471212538,.15117429814816452,.00141694,1.387246407994467
15,1024,Rescaled_2.0,.1567654423022884,.1521407323336001,.00141694,.6936232039972335
15,1024,Rescaled_4.0,.15657816220618997,.15178630960143036,.00141694,.34681160199861677
15,1024,Rescaled_8.0,.15641861247134742,.151742358249551,.00141694,.17340580099930838
15,1024,ExactStein,.15200505492693367,.14748691033872197,.046151889,4.87
15,1024,ImpulseStein,.15200505492693367,.14748691033872197,.034989994,4.86
15,1024,OracleX,.15032473971297758,.15063274828221088,.001431258,.2966538010135479
15,1024,OracleZ,.15674562345851528,.1522020465401081,.001574083,.7519281431045473
15,1024,Ridge,.15668672930911473,.15189720656494266,.001157899,.7519281431045473
15,2048,NaiveX,.1485654221349485,.14856288929246037,133676e-9,0
15,2048,NaiveZ,.15520723943371512,.15052550865265146,134444e-9,0
15,2048,FullInfo,.1529845696073543,.15306778538495444,13186e-8,0
15,2048,MLE,.12584309709853184,.12182334628811888,.003848045,2.427992286028931
15,2048,MM,.15160760565910003,.14738415909056585,183543e-9,2.6284876032121436
15,2048,EmpBayesX,.1486097354947996,.14860971864431308,.006646655,.10715252657721705
15,2048,Rescaled,.15520144867458413,.15057570695799302,.006646655,.053576263288608525
15,2048,Rescaled_0.125,.15469993944056526,.15025708746722688,.006646655,.8572202126177364
15,2048,Rescaled_0.25,.15514423919953252,.150631767732216,.006646655,.4286101063088682
15,2048,Rescaled_1.0,.15528904000645066,.1505989615767293,.006646655,.10715252657721705
15,2048,Rescaled_2.0,.15520144867458413,.15057570695799302,.006646655,.053576263288608525
15,2048,Rescaled_4.0,.15525283014256003,.1505683551115629,.006646655,.026788131644304262
15,2048,Rescaled_8.0,.15524774963383062,.15055802137856636,.006646655,.013394065822152131
15,2048,ExactStein,.14836567521189215,.1453306884289334,.100363531,4.98
15,2048,ImpulseStein,.14836567521189215,.1453306884289334,.081672956,4.88
15,2048,OracleX,.14848710684009922,.14865938160121855,.005704915,.26954303672236735
15,2048,OracleZ,.15534381097732974,.15076710810854538,.005732713,.2497624990314924
15,2048,Ridge,.15514423919953252,.150631767732216,.002993118,.2497624990314924
15,4096,NaiveX,.14908744288696882,.14927424957399377,284463e-9,0
15,4096,NaiveZ,.1551773596093041,.1513334013337423,280412e-9,0
15,4096,FullInfo,.15313690291156673,.1535228623124099,276921e-9,0
15,4096,MLE,.12649336963315497,.12226093553646614,.007594681,2.450485906648812
15,4096,MM,.15266480584441083,.1487349582561237,372673e-9,2.623547920303236
15,4096,EmpBayesX,.1491372410794351,.1493503533882229,.021763312,.0668616983542491
15,4096,Rescaled,.1550936386035997,.15133030575613535,.021763312,.03343084917712455
15,4096,Rescaled_0.125,.15496175421376565,.15121786470070883,.021763312,.5348935868339928
15,4096,Rescaled_0.25,.15501497852741372,.15125474419653712,.021763312,.2674467934169964
15,4096,Rescaled_1.0,.15513204705573586,.15134694806570959,.021763312,.0668616983542491
15,4096,Rescaled_2.0,.1550936386035997,.15133030575613535,.021763312,.03343084917712455
15,4096,Rescaled_4.0,.15515186426640346,.15134330279575342,.021763312,.016715424588562275
15,4096,Rescaled_8.0,.15518253499121432,.1513414155198692,.021763312,.008357712294281137
15,4096,ExactStein,.15300798473855193,.14905951152906827,.210582994,2.47
15,4096,ImpulseStein,.14914137007548184,.1462600962627494,.171663589,4.8
15,4096,OracleX,.14906186262084453,.1493829378482419,.02197535,.08313416985914694
15,4096,OracleZ,.1550551693375662,.15142630946298163,.022788373,.1628467414075033
15,4096,Ridge,.15510200891867432,.15121788320209925,.005007201,.1628467414075033
15,8192,NaiveX,.15089650960523698,.15188556362085254,598889e-9,0
15,8192,NaiveZ,.1568713086256899,.153854587572879,583244e-9,0
15,8192,FullInfo,.15484146013793176,.15588847109062223,600845e-9,0
15,8192,MLE,.1264868342902594,.12264718828881946,.015811019,2.443941914145501
15,8192,MM,.15443130857963355,.1513450145588347,767207e-9,2.6254224282355243
15,8192,EmpBayesX,.15094738527878407,.15192295109935722,.089386367,.0668616983542491
15,8192,Rescaled,.15686275272904793,.15389443839352412,.089386367,.03343084917712455
15,8192,Rescaled_0.125,.15676128242859522,.15374251465671557,.089386367,.5348935868339928
15,8192,Rescaled_0.25,.15680978007289076,.1538266188181433,.089386367,.2674467934169964
15,8192,Rescaled_1.0,.1568324654435431,.15390003844080774,.089386367,.0668616983542491
15,8192,Rescaled_2.0,.15686275272904793,.15389443839352412,.089386367,.03343084917712455
15,8192,Rescaled_4.0,.15685089276168904,.15388305088491058,.089386367,.016715424588562275
15,8192,Rescaled_8.0,.1568713086256899,.153854587572879,.089386367,.008357712294281137
15,8192,ExactStein,.1543892672669978,.15129355863881636,.436044416,2.72
15,8192,ImpulseStein,.15257272157531093,.1498530189044581,.357836077,3.7
15,8192,OracleX,.15084518987365958,.15197774598049305,.088409985,.18427582922051897
15,8192,OracleZ,.15685337812262173,.15394385880186365,.087984303,.1269456932408769
15,8192,Ridge,.15680411549806858,.15377361345712576,.009106396,.1269456932408769
15,16384,NaiveX,.15232398110589923,.152888270461422,.001276349,0
15,16384,NaiveZ,.15820843701201853,.15486740597174659,.001248832,0
15,16384,FullInfo,.15612673573581123,.15672832077724141,.002092515,0
15,16384,MLE,.12800283671819912,.12342441724218603,.031783721,2.4077946287459935
15,16384,MM,.15564871369915284,.15243648164354867,.001613753,2.594561263676606
15,16384,EmpBayesX,.15236257674447806,.1529108250690216,.367101081,.05816107804762502
15,16384,Rescaled,.1581784983809367,.154873029569093,.367101081,.02908053902381251
15,16384,Rescaled_0.125,.1579701234088065,.154752138024151,.367101081,.46528862438100016
15,16384,Rescaled_0.25,.15810008249353147,.15490994312881234,.367101081,.23264431219050008
15,16384,Rescaled_1.0,.15814950711817632,.15490495115996666,.367101081,.05816107804762502
15,16384,Rescaled_2.0,.1581784983809367,.154873029569093,.367101081,.02908053902381251
15,16384,Rescaled_4.0,.15819173451895996,.15487002237174424,.367101081,.014540269511906255
15,16384,Rescaled_8.0,.15819173451895996,.15487002237174424,.367101081,.0072701347559531275
15,16384,ExactStein,.1560450370256305,.15278568600492257,.907284648,2.38
15,16384,ImpulseStein,.15277614377238913,.15010145864428903,.751854618,4.55
15,16384,OracleX,.1522843512679422,.152918682094974,.362423042,.22184070261538744
15,16384,OracleZ,.15812629755735869,.1549605217672676,.358460877,.13117749687829433
15,16384,Ridge,.1580120692309225,.15480808062267903,.018687642,.13117749687829433
15,32768,NaiveX,.15276137814165425,.15294813618948394,.002713404,0
15,32768,NaiveZ,.158616426964104,.15479799592894206,.002694687,0
15,32768,FullInfo,.1566438114813184,.15671394853657386,.00271096,0
15,32768,MLE,.12789183525884773,.12316891046417766,.066247321,2.4085629120438194
15,32768,MM,.1558280392169961,.15248771266453642,.003372915,2.594618705464794
15,32768,EmpBayesX,.1528078749882153,.15303788520016798,1.448284171,.3140196612855925
15,32768,Rescaled,.15865218517917481,.154794613251801,1.448284171,.15700983064279625
15,32768,Rescaled_0.125,.15594207488236747,.15256525590624073,1.448284171,2.51215729028474
15,32768,Rescaled_0.25,.15783130928978645,.1541667967647245,1.448284171,1.25607864514237
15,32768,Rescaled_1.0,.1586083006563117,.15473669350075187,1.448284171,.3140196612855925
15,32768,Rescaled_2.0,.15865218517917481,.154794613251801,1.448284171,.15700983064279625
15,32768,Rescaled_4.0,.1586651781875596,.15480894613738103,1.448284171,.07850491532139812
15,32768,Rescaled_8.0,.158648744362836,.1547943146703794,1.448284171,.03925245766069906
15,32768,ExactStein,.15459805832748158,.15147182807315313,1.900475473,3.47
15,32768,ImpulseStein,.15354250764005928,.15055108106879117,1.584906502,4.13
15,32768,OracleX,.15277951324693037,.15304086081638058,1.414227606,.33331933999685853
15,32768,OracleZ,.1586671765316663,.15481620906861043,1.424308566,.07022792236067134
15,32768,Ridge,.15859793943390982,.15474333476070318,.035320832,.07022792236067134
15,65536,NaiveX,.15272515859453292,.15286014924303276,.00605503,0
15,65536,NaiveZ,.15838778055382802,.15464890517854535,.006074375,0
15,65536,FullInfo,.15632429758254932,.15658996738751035,.00597569,0
15,65536,MLE,.12777268396928837,.12300961842572018,.127384635,2.405032281141391
15,65536,MM,.15567380677889098,.1524115170064085,.007364484,2.602242185084369
15,65536,EmpBayesX,.15276848891689004,.15289842955510244,5.567554855,.09372289890254609
15,65536,Rescaled,.15839620355619297,.1546728719992089,5.567554855,.046861449451273046
15,65536,Rescaled_0.125,.15806555218444607,.15449446745934303,5.567554855,.7497831912203687
15,65536,Rescaled_0.25,.1583231477018695,.154614771325902,5.567554855,.37489159561018437
15,65536,Rescaled_1.0,.15839229283869966,.1546795973629791,5.567554855,.09372289890254609
15,65536,Rescaled_2.0,.15839620355619297,.1546728719992089,5.567554855,.046861449451273046
15,65536,Rescaled_4.0,.15839488777864894,.1546619503265519,5.567554855,.023430724725636523
15,65536,Rescaled_8.0,.15839421753556654,.15465114685082199,5.567554855,.011715362362818262
15,65536,ExactStein,.15508983018010014,.15189218598327692,4.097884515,3.06
15,65536,ImpulseStein,.15348566538402442,.1505208907594378,3.470597483,4.1
15,65536,OracleX,.15272818839259963,.15295214640895735,5.625064472,.30303520908795595
15,65536,OracleZ,.158399413904974,.1546864094763878,5.556306567,.1353555228830512
15,65536,Ridge,.15831992309572632,.15459711523299016,.071674826,.1353555228830512
15,131072,NaiveX,.1534543887940606,.15356403738332053,.013117241,0
15,131072,NaiveZ,.15928573479970543,.15542945699365657,.012983564,0
15,131072,FullInfo,.1572072924235809,.15728574529705097,.013087418,0
15,131072,MLE,.12810669060100882,.12326488410405531,.25782741,2.3838715846901986
15,131072,MM,.15655708757270365,.1532755408120347,.016240612,2.5861943217570396
15,131072,EmpBayesX,.1535956241488341,.15369640555260475,22.85302747,.38390140247629345
15,131072,Rescaled,.15926436288943357,.15541636875423886,22.85302747,.19195070123814673
15,131072,Rescaled_0.125,.15589837738821957,.15268389959665876,22.85302747,3.0712112198103476
15,131072,Rescaled_0.25,.15804638769987742,.1545547725174427,22.85302747,1.5356056099051738
15,131072,Rescaled_1.0,.15917102575384917,.15538271095782255,22.85302747,.38390140247629345
15,131072,Rescaled_2.0,.15926436288943357,.15541636875423886,22.85302747,.19195070123814673
15,131072,Rescaled_4.0,.15929381410207216,.15543193214890552,22.85302747,.09597535061907336
15,131072,Rescaled_8.0,.15927892286765422,.15542826366793738,22.85302747,.04798767530953668
15,131072,ExactStein,.15611661920728803,.15288659309818114,8.833859739,2.93
15,131072,ImpulseStein,.1541692184710221,.15113455174841522,7.490045208,4.28
15,131072,OracleX,.15359430575301047,.1536994440706942,22.54662482,.37406716413508534
15,131072,OracleZ,.159274596342067,.15543584088332646,22.609438254,.02561069642196367
15,131072,Ridge,.15916400739946812,.15538048266740584,.147182195,.02561069642196367
16,256,NaiveX,.13955869841161722,.14191281196014363,49098e-9,0
16,256,NaiveZ,.14315408567655974,.14126529635808543,21232e-9,0
16,256,FullInfo,.1410472721069282,.14342152227026034,24165e-9,0
16,256,MLE,.12095037223545117,.11912858953995477,600426e-9,2.4557189976321476
16,256,MM,.14042083622746532,.13997342691857878,29962e-9,2.6324274429437744
16,256,EmpBayesX,.1400551260618954,.1417450280819979,138426e-9,1.216651179397055
16,256,Rescaled,.14270754442777722,.14174409037846675,138426e-9,.6083255896985275
16,256,Rescaled_0.125,.131131184201854,.1289517904135613,138426e-9,9.73320943517644
16,256,Rescaled_0.25,.13694361362856133,.1359555096213182,138426e-9,4.86660471758822
16,256,Rescaled_1.0,.1425922656416923,.14081671597834636,138426e-9,1.216651179397055
16,256,Rescaled_2.0,.14270754442777722,.14174409037846675,138426e-9,.6083255896985275
16,256,Rescaled_4.0,.14327323355065064,.14190764425279562,138426e-9,.30416279484926373
16,256,Rescaled_8.0,.14327323355065064,.14190764425279562,138426e-9,.15208139742463186
16,256,ExactStein,.14001483845936535,.13978517557318132,.01113738,3.61
16,256,ImpulseStein,.14042083622746532,.13997342691857878,.006927278,3.19
16,256,OracleX,.13984628569245283,.1427331651080379,14101e-8,.6420857569491868
16,256,OracleZ,.14327323355065064,.14190764425279562,131721e-9,.07875159679210311
16,256,Ridge,.14327323355065064,.14190764425279562,462e-6,.07875159679210311
16,512,NaiveX,.14984973928365275,.1522801989762835,34571e-9,0
16,512,NaiveZ,.15488222602639246,.1535807920541153,33454e-9,0
16,512,FullInfo,.15309372689147172,.15459781497808484,32896e-9,0
16,512,MLE,.12074602652475894,.12058469212280415,.001037632,2.294576618337261
16,512,MM,.15199688383530713,.15165427163761397,49587e-9,2.47210185255852
16,512,EmpBayesX,.15018500044949573,.1520410765117649,386362e-9,.7167460115263061
16,512,Rescaled,.15405007047153996,.1534517825381569,386362e-9,.35837300576315306
16,512,Rescaled_0.125,.1479020549923447,.1474890138111984,386362e-9,5.733968092210449
16,512,Rescaled_0.25,.15185244474673887,.15099558842438532,386362e-9,2.8669840461052245
16,512,Rescaled_1.0,.15429472242874492,.15373894811257088,386362e-9,.7167460115263061
16,512,Rescaled_2.0,.15405007047153996,.1534517825381569,386362e-9,.35837300576315306
16,512,Rescaled_4.0,.1543098042143936,.15343680638262067,386362e-9,.17918650288157653
16,512,Rescaled_8.0,.1545698617307582,.1534527927014199,386362e-9,.08959325144078827
16,512,ExactStein,.151840981026387,.15087560769418662,.020530264,3.66
16,512,ImpulseStein,.1543108757965094,.15362507974502887,.015363057,.4
16,512,OracleX,.15001681962984836,.15231877951668085,386851e-9,.049665294748248386
16,512,OracleZ,.15429472242874492,.15373894811257088,396e-6,.5387123200627618
16,512,Ridge,.15429472242874492,.15373894811257088,697365e-9,.5387123200627618
16,1024,NaiveX,.15043693107720404,.15111449731924972,66489e-9,0
16,1024,NaiveZ,.15651311123236222,.15306078338704593,72286e-9,0
16,1024,FullInfo,.15439371342719332,.15453037063323044,65651e-9,0
16,1024,MLE,.12277174395732227,.11721067348097255,.00195381,2.528855966850415
16,1024,MM,.15346448481017627,.15103981251202941,91912e-9,2.728558416123023
16,1024,EmpBayesX,.151542380627278,.1516177481240256,.001372591,.7942553541068447
16,1024,Rescaled,.1562721352152544,.15315377723621992,.001372591,.39712767705342233
16,1024,Rescaled_0.125,.14969294049708784,.14693700810521995,.001372591,6.354042832854757
16,1024,Rescaled_0.25,.15282197208405063,.150260740853551,.001372591,3.1770214164273787
16,1024,Rescaled_1.0,.15603309000206297,.15293909914135856,.001372591,.7942553541068447
16,1024,Rescaled_2.0,.1562721352152544,.15315377723621992,.001372591,.39712767705342233
16,1024,Rescaled_4.0,.1563114806855621,.15304079247745192,.001372591,.19856383852671117
16,1024,Rescaled_8.0,.15651311123236222,.15306078338704593,.001372591,.09928191926335558
16,1024,ExactStein,.1522742466985517,.14958868162550082,.04506886,4
16,1024,ImpulseStein,.15549573405177822,.15239951648254807,.036126801,2.17
16,1024,OracleX,.15138930187101535,.15173157716384694,.001380902,.31278374101401674
16,1024,OracleZ,.15635069194148804,.15322493115149594,.001382159,.4509144445654787
16,1024,Ridge,.15621329984081322,.15321014349242107,.001170191,.4509144445654787
16,2048,NaiveX,.14888028885765767,.14918577342906647,134724e-9,0
16,2048,NaiveZ,.15475168992840024,.15136004987129958,134095e-9,0
16,2048,FullInfo,.15264642897452962,.15306778538495444,139403e-9,0
16,2048,MLE,.1256345380706168,.1210592750604031,.003857544,2.4312134078408967
16,2048,MM,.15193824026049912,.1487827126808284,180609e-9,2.6479477038663775
16,2048,EmpBayesX,.1495748743976228,.14956473760738492,.006049372,.24723374786784066
16,2048,Rescaled,.15466159003883,.1513665987284167,.006049372,.12361687393392033
16,2048,Rescaled_0.125,.15300164914618314,.14961833628775434,.006049372,1.9778699829427253
16,2048,Rescaled_0.25,.15406578141160088,.1506453515042765,.006049372,.9889349914713627
16,2048,Rescaled_1.0,.15462836271745084,.15138137206340022,.006049372,.24723374786784066
16,2048,Rescaled_2.0,.15466159003883,.1513665987284167,.006049372,.12361687393392033
16,2048,Rescaled_4.0,.15474325211921566,.15136337479092227,.006049372,.061808436966960166
16,2048,Rescaled_8.0,.1548269649350361,.15136051069467032,.006049372,.030904218483480083
16,2048,ExactStein,.150406629824075,.14704705129601703,.099960406,3.99
16,2048,ImpulseStein,.15125883923655037,.1478987386413236,.081454073,3.05
16,2048,OracleX,.14947891343277758,.1495950838004076,.006018293,.21120452851960467
16,2048,OracleZ,.15464084285043017,.15139510173091078,.005528286,.2688739463897515
16,2048,Ridge,.15458352940611814,.15133614350396818,.002160819,.2688739463897515
16,4096,NaiveX,.14863248394745943,.14973162504230367,286699e-9,0
16,4096,NaiveZ,.1545112701375403,.15173349265436384,282997e-9,0
16,4096,FullInfo,.1524237834968248,.1535228623124099,278597e-9,0
16,4096,MLE,.12593474091494175,.12209900882891556,.008492979,2.4596288380962026
16,4096,MM,.15135394987237485,.14872916721874774,371207e-9,2.65109016939594
16,4096,EmpBayesX,.1487224080298218,.14980747603522784,.021638785,.24643170528061586
16,4096,Rescaled,.15460566206789228,.1517632926106623,.021638785,.12321585264030793
16,4096,Rescaled_0.125,.15302723123165832,.15018583967647103,.021638785,1.971453642244927
16,4096,Rescaled_0.25,.15414433598259855,.15125437561461952,.021638785,.9857268211224635
16,4096,Rescaled_1.0,.15478209997195003,.15172209697138267,.021638785,.24643170528061586
16,4096,Rescaled_2.0,.15460566206789228,.1517632926106623,.021638785,.12321585264030793
16,4096,Rescaled_4.0,.1546328784110183,.15179106835242392,.021638785,.061607926320153966
16,4096,Rescaled_8.0,.15454351517450346,.15175634163692509,.021638785,.030803963160076983
16,4096,ExactStein,.14949279532100418,.14720403174645819,.242688194,3.86
16,4096,ImpulseStein,.14962223981049028,.14726029832079443,.170824656,3.75
16,4096,OracleX,.1486825544356596,.14980971370766566,.021491699,.19605178404158244
16,4096,OracleZ,.15475207104435867,.15179505684228878,.021801934,.2709521401700628
16,4096,Ridge,.1546108968302331,.15173694196349075,.004200534,.2709521401700628
16,8192,NaiveX,.15146595044882488,.15210709617908663,602731e-9,0
16,8192,NaiveZ,.15683341901698006,.15417063476733972,59372e-8,0
16,8192,FullInfo,.15484754268578282,.15588847109062223,591765e-9,0
16,8192,MLE,.12656469737385573,.12294658083286002,.016358156,2.4599061689570068
16,8192,MM,.15415248220258912,.1514278063050859,782642e-9,2.666878882252382
16,8192,EmpBayesX,.15177362007197367,.15224920061684477,.084987902,.37436254079000125
16,8192,Rescaled,.15687953407227256,.15416864927024726,.084987902,.18718127039500063
16,8192,Rescaled_0.125,.15369834985995962,.15106483360369485,.084987902,2.99490032632001
16,8192,Rescaled_0.25,.15595079691620048,.1530129463388727,.084987902,1.497450163160005
16,8192,Rescaled_1.0,.15688020189549928,.1541030989746323,.084987902,.37436254079000125
16,8192,Rescaled_2.0,.15687953407227256,.15416864927024726,.084987902,.18718127039500063
16,8192,Rescaled_4.0,.15686840357179443,.15415003053876689,.084987902,.09359063519750031
16,8192,Rescaled_8.0,.1568335147451696,.15415406564692266,.084987902,.04679531759875016
16,8192,ExactStein,.15253481901070287,.1500728586069273,.435760791,3.86
16,8192,ImpulseStein,.15401843777436694,.15126567525626006,.357109867,2.81
16,8192,OracleX,.1517682754984893,.15228003488561395,.084181585,.2499203787522388
16,8192,OracleZ,.1568559070987991,.1541868373642727,.088501199,.2412287986713944
16,8192,Ridge,.15684167364114085,.15414126891141902,.008804192,.2412287986713944
16,16384,NaiveX,.1524025145062035,.15272204092708463,.001271042,0
16,16384,NaiveZ,.1582092431042868,.15475605696676314,.001272718,0
16,16384,FullInfo,.15592852892384557,.15672832077724141,.001266572,0
16,16384,MLE,.12789504000987484,.12353145961323093,.031983746,2.411578104082
16,16384,MM,.15553241341345142,.1524275900927456,.001616616,2.6095287462558563
16,16384,EmpBayesX,.15278903614451722,.15289865328707972,.358814065,.6013331262458267
16,16384,Rescaled,.15822224068506802,.15482040805664704,.358814065,.30066656312291334
16,16384,Rescaled_0.125,.1521959022420748,.149472339002415,.358814065,4.8106650099666135
16,16384,Rescaled_0.25,.15586783177694397,.152773121443319,.358814065,2.4053325049833068
16,16384,Rescaled_1.0,.15811947633392318,.15476848375444266,.358814065,.6013331262458267
16,16384,Rescaled_2.0,.15822224068506802,.15482040805664704,.358814065,.30066656312291334
16,16384,Rescaled_4.0,.1582162423086701,.15485231502793628,.358814065,.15033328156145667
16,16384,Rescaled_8.0,.15820967935896751,.15479924468971612,.358814065,.07516664078072834
16,16384,ExactStein,.15491635471072146,.1519129618677333,.910100929,3.01
16,16384,ImpulseStein,.1549179682689043,.1519118214624506,.75265912,2.99
16,16384,OracleX,.15276216599807835,.15293979669478247,.360245322,.43666111036092703
16,16384,OracleZ,.1582045956200819,.15485622490750933,.346057972,.1476460429675055
16,16384,Ridge,.15819749693939483,.15477440500696193,.018181083,.1476460429675055
16,32768,NaiveX,.152682555629635,.15275737725375477,.002757124,0
16,32768,NaiveZ,.15849077034601866,.15472494752583307,.002707746,0
16,32768,FullInfo,.15633725659205214,.15671394853657386,.002736801,0
16,32768,MLE,.12787524917563856,.12313080707459004,.063760971,2.406430820635385
16,32768,MM,.15571846199809142,.152388691628438,.003379619,2.5985075573466365
16,32768,EmpBayesX,.1530920875201222,.15287095990191313,1.383621409,.7450874860294033
16,32768,Rescaled,.15842543377011958,.15468119987193915,1.383621409,.37254374301470167
16,32768,Rescaled_0.125,.1511140005251771,.1482420553690179,1.383621409,5.960699888235227
16,32768,Rescaled_0.25,.15508171960292083,.1518252289897143,1.383621409,2.9803499441176133
16,32768,Rescaled_1.0,.15811073232028341,.15441868087048302,1.383621409,.7450874860294033
16,32768,Rescaled_2.0,.15842543377011958,.15468119987193915,1.383621409,.37254374301470167
16,32768,Rescaled_4.0,.1584570585903394,.15471011106020655,1.383621409,.18627187150735083
16,32768,Rescaled_8.0,.15845908222787827,.15472341040380028,1.383621409,.09313593575367542
16,32768,ExactStein,.15614246900133333,.15280670382802136,1.907786807,2.29
16,32768,ImpulseStein,.1545129831045213,.15134117775364564,1.594202867,3.37
16,32768,OracleX,.1529869969137778,.15293283707428615,1.385252133,.4521145847229764
16,32768,OracleZ,.1584718127440472,.15474662237891895,1.399047044,.06030901913445277
16,32768,Ridge,.1584001731410854,.1546847792467438,.035409601,.06030901913445277
16,65536,NaiveX,.15268421704074395,.1525949672066545,.006021855,0
16,65536,NaiveZ,.1584473003126195,.15454495549258385,.006613201,0
16,65536,FullInfo,.1562895951439497,.15658996738751035,.005968287,0
16,65536,MLE,.12784218497101635,.12299250603643236,.158583924,2.405099787322411
16,65536,MM,.15572275876812203,.15231300885996366,.007421405,2.604289453192028
16,65536,EmpBayesX,.15297646366206058,.15277968897835398,5.566032314,.5644530202236372
16,65536,Rescaled,.15836835084895834,.15456070025920704,5.566032314,.2822265101118186
16,65536,Rescaled_0.125,.15294090756389256,.14990829585928267,5.566032314,4.5156241617890975
16,65536,Rescaled_0.25,.15620858409448404,.1527725759340547,5.566032314,2.2578120808945488
16,65536,Rescaled_1.0,.15824481091567943,.15447482369492543,5.566032314,.5644530202236372
16,65536,Rescaled_2.0,.15836835084895834,.15456070025920704,5.566032314,.2822265101118186
16,65536,Rescaled_4.0,.1583828396253161,.15457182773877337,5.566032314,.1411132550559093
16,65536,Rescaled_8.0,.15839934181856058,.154576689805639,5.566032314,.07055662752795465
16,65536,ExactStein,.1557669530358261,.15234233417819987,4.111760651,2.59
16,65536,ImpulseStein,.1531899266167206,.15010729602833925,3.487379506,4.34
16,65536,OracleX,.152950564857138,.1527932179485033,5.520590153,.4540883987131433
16,65536,OracleZ,.1584015727264023,.15458741084774297,5.485933791,.09682046355313466
16,65536,Ridge,.1583424908305821,.15451882059436625,.072066637,.09682046355313466
16,131072,NaiveX,.15360804165463962,.15338254308185006,.013197698,0
16,131072,NaiveZ,.1593095604763773,.15531395331759223,.013764949,0
16,131072,FullInfo,.1572795944079733,.15728574529705097,.013092517,0
16,131072,MLE,.1284023353140052,.1233768626642002,.289989879,2.3830577861827877
16,131072,MM,.15675291384161627,.1532809867950348,.016364092,2.586207447015147
16,131072,EmpBayesX,.1538081508530148,.1535387947186337,22.392528338,.4778305582622867
16,131072,Rescaled,.15927851643105473,.1553438602303429,22.392528338,.23891527913114335
16,131072,Rescaled_0.125,.15488310739469616,.1515859212073981,22.392528338,3.8226444660982937
16,131072,Rescaled_0.25,.15773216531527134,.15409587697311372,22.392528338,1.9113222330491468
16,131072,Rescaled_1.0,.15916837907253864,.15528469361327232,22.392528338,.4778305582622867
16,131072,Rescaled_2.0,.15927851643105473,.1553438602303429,22.392528338,.23891527913114335
16,131072,Rescaled_4.0,.15929102851091703,.15534443466632736,22.392528338,.11945763956557168
16,131072,Rescaled_8.0,.15930272579473076,.1553397432729663,22.392528338,.05972881978278584
16,131072,ExactStein,.15614550222785084,.1527410585502767,8.819211787,2.98
16,131072,ImpulseStein,.15401330903217508,.1508260456481345,7.600480271,4.51
16,131072,OracleX,.1538020834019475,.15354536369913624,22.618061278,.5038093866792669
16,131072,OracleZ,.1592974727094445,.1553626194355992,22.320604736,.17132076844463764
16,131072,Ridge,.15922620582650976,.15530761194699375,.14728081,.17132076844463764
17,256,NaiveX,.13480207325127963,.13959791750457792,52521e-9,0
17,256,NaiveZ,.13713477337017865,.13967047088356355,21302e-9,0
17,256,FullInfo,.13480781100830727,.14342152227026034,19765e-9,0
17,256,MLE,.11010441475218281,.1142266113942901,590648e-9,2.415561534274145
17,256,MM,.13618733180746956,.1396746695022342,3094e-8,2.5579643907385963
17,256,EmpBayesX,.13505747450519467,.1395296020145897,128508e-9,1.2662145457603786
17,256,Rescaled,.13713477337017865,.13967047088356355,128508e-9,.6331072728801893
17,256,Rescaled_0.125,.12635365812679045,.12781216401818973,128508e-9,10.129716366083029
17,256,Rescaled_0.25,.13432024981091156,.13800974634438315,128508e-9,5.0648581830415145
17,256,Rescaled_1.0,.13767206178371688,.14128893710143564,128508e-9,1.2662145457603786
17,256,Rescaled_2.0,.13713477337017865,.13967047088356355,128508e-9,.6331072728801893
17,256,Rescaled_4.0,.13713477337017865,.13967047088356355,128508e-9,.31655363644009465
17,256,Rescaled_8.0,.13713477337017865,.13967047088356355,128508e-9,.15827681822004733
17,256,ExactStein,.13767206178371688,.14128893710143564,.011143177,1.52
17,256,ImpulseStein,.13618733180746956,.1396746695022342,.006951303,2.78
17,256,OracleX,.13500308184206902,.13975801417412967,13186e-8,.8666709093672527
17,256,OracleZ,.13767206178371688,.1412889371014356,11873e-8,1.1029547943281608
17,256,Ridge,.13713477337017865,.13967047088356355,453269e-9,1.1029547943281608
17,512,NaiveX,.14754126265260245,.1511493120928729,34641e-9,0
17,512,NaiveZ,.15191977990670164,.1525404209609774,33244e-9,0
17,512,FullInfo,.15076713949539877,.15459781497808484,33384e-9,0
17,512,MLE,.1167428814471839,.11885835951190438,.001031485,2.269791219184483
17,512,MM,.15239984601165235,.15234249335109656,51753e-9,2.4216419959683333
17,512,EmpBayesX,.14946345506083697,.1516339607858394,460883e-9,1.1495247476615487
17,512,Rescaled,.15240953940676294,.1527267889397406,460883e-9,.5747623738307743
17,512,Rescaled_0.125,.14206800390909996,.1427425621750008,460883e-9,9.19619798129239
17,512,Rescaled_0.25,.1478714578754935,.1480900470299682,460883e-9,4.598098990646195
17,512,Rescaled_1.0,.15265465471273498,.15313503476682774,460883e-9,1.1495247476615487
17,512,Rescaled_2.0,.15240953940676294,.1527267889397406,460883e-9,.5747623738307743
17,512,Rescaled_4.0,.1522163999791865,.15311650124397544,460883e-9,.28738118691538717
17,512,Rescaled_8.0,.15218647606128471,.15306335683313524,460883e-9,.14369059345769358
17,512,ExactStein,.15265214888271855,.1524093569454118,.021166867,2.02
17,512,ImpulseStein,.15265465471273498,.15313503476682772,.015547997,1.64
17,512,OracleX,.14914179532600128,.1517817753497953,467866e-9,.30031550062621376
17,512,OracleZ,.15265465471273498,.15313503476682774,404311e-9,.9837080570530925
17,512,Ridge,.15223927014641067,.15276215885386885,698413e-9,.9837080570530925
17,1024,NaiveX,.15012379608565166,.15032456747728903,65651e-9,0
17,1024,NaiveZ,.15555252990402768,.15271031012797032,66349e-9,0
17,1024,FullInfo,.15439392606719513,.15453037063323044,65162e-9,0
17,1024,MLE,.12184717070328974,.11839575014356196,.001943544,2.5086689170934866
17,1024,MM,.15393039158032465,.15156369998955366,92749e-9,2.697986638361368
17,1024,EmpBayesX,.15238458287726253,.15152030923681578,.001563048,.547759132830084
17,1024,Rescaled,.15551643458935754,.15280009639697095,.001563048,.273879566415042
17,1024,Rescaled_0.125,.15212841126804394,.15001353545513674,.001563048,4.382073062640672
17,1024,Rescaled_0.25,.15422943303390277,.15204889123759968,.001563048,2.191036531320336
17,1024,Rescaled_1.0,.15559291006478385,.1531880374384094,.001563048,.547759132830084
17,1024,Rescaled_2.0,.15551643458935754,.15280009639697095,.001563048,.273879566415042
17,1024,Rescaled_4.0,.15554927664067802,.15272616976198536,.001563048,.136939783207521
17,1024,Rescaled_8.0,.15555252990402768,.15271031012797034,.001563048,.0684698916037605
17,1024,ExactStein,.15452600202981676,.15232919604043055,.045135209,1.99
17,1024,ImpulseStein,.15452600202981676,.15232919604043055,.03608762,1.99
17,1024,OracleX,.15219641372289522,.1515297634020123,.001571638,.601881932182069
17,1024,OracleZ,.15559291006478385,.1531880374384094,.001565423,.4901615490416005
17,1024,Ridge,.15551643458935754,.15280009639697095,.001193378,.4901615490416005
17,2048,NaiveX,.1471447123323899,.14858857712566553,135702e-9,0
17,2048,NaiveZ,.15287669327208486,.15123534842298178,135143e-9,0
17,2048,FullInfo,.1517158951719682,.15306778538495444,134864e-9,0
17,2048,MLE,.12352211443239211,.12068846470631553,.003857754,2.4105423982804655
17,2048,MM,.1504606133588358,.14887151154868838,181797e-9,2.6034972769442803
17,2048,EmpBayesX,.14767439677833027,.14919863269370925,.006697709,.41380477987460196
17,2048,Rescaled,.15285718509548202,.15126553017927688,.006697709,.20690238993730098
17,2048,Rescaled_0.125,.14922872083742308,.14735393895976348,.006697709,3.3104382389968157
17,2048,Rescaled_0.25,.15157721885624015,.15050911815724094,.006697709,1.6552191194984078
17,2048,Rescaled_1.0,.15248594963648843,.15125393949871213,.006697709,.41380477987460196
17,2048,Rescaled_2.0,.15285718509548202,.15126553017927688,.006697709,.20690238993730098
17,2048,Rescaled_4.0,.15287338043035847,.15115820897051357,.006697709,.10345119496865049
17,2048,Rescaled_8.0,.1528733288140075,.151233827099916,.006697709,.051725597484325245
17,2048,ExactStein,.15159794253115916,.15056070525043014,.100378267,1.56
17,2048,ImpulseStein,.14744200531305007,.1456216265803154,.081969222,4.97
17,2048,OracleX,.14767439677833027,.14919863269370925,.005771334,.41380477987460196
17,2048,OracleZ,.15255020162869454,.15141873794727065,.005624319,.638121385313499
17,2048,Ridge,.15254198246819234,.15120422391333316,.003019868,.638121385313499
17,4096,NaiveX,.14906127492409593,.14956450118939266,284184e-9,0
17,4096,NaiveZ,.154363587874217,.15136059186837494,274965e-9,0
17,4096,FullInfo,.15256268276488122,.1535228623124099,279575e-9,0
17,4096,MLE,.1258306318834891,.12233715519491323,.007556547,2.451412002092277
17,4096,MM,.1513536462163461,.14924711604890092,372185e-9,2.6317126432161233
17,4096,EmpBayesX,.14955373446157572,.14989463335931333,.023398716,.7719476208361278
17,4096,Rescaled,.1542016862359124,.15151850129029612,.023398716,.3859738104180639
17,4096,Rescaled_0.125,.14654106038443465,.1447161413950614,.023398716,6.175580966689022
17,4096,Rescaled_0.25,.1507743316227742,.14867511557926172,.023398716,3.087790483344511
17,4096,Rescaled_1.0,.15386475899187618,.15133970485723153,.023398716,.7719476208361278
17,4096,Rescaled_2.0,.1542016862359124,.15151850129029612,.023398716,.3859738104180639
17,4096,Rescaled_4.0,.15430991257209836,.1515051675542814,.023398716,.19298690520903194
17,4096,Rescaled_8.0,.1544077452317705,.15136333675259706,.023398716,.09649345260451597
17,4096,ExactStein,.15231583740380128,.15059924023498805,.209048022,2.02
17,4096,ImpulseStein,.1500759388879555,.147977949893106,.169959043,3.71
17,4096,OracleX,.14955373446157572,.14989463335931333,.023294163,.7719476208361278
17,4096,OracleZ,.1541883977121365,.1516020523497445,.022819941,.4128434468469171
17,4096,Ridge,.15419979400138373,.15155859108996628,.004969697,.4128434468469171
17,8192,NaiveX,.15122077122036387,.1521918611192618,602172e-9,0
17,8192,NaiveZ,.15607276369972645,.15380977108498772,591625e-9,0
17,8192,FullInfo,.15412156366879853,.15588847109062223,590997e-9,0
17,8192,MLE,.1259247855639665,.122880936378365,.01587688,2.454119855043523
17,8192,MM,.1534995866050462,.15144257255104612,771886e-9,2.6473902822397877
17,8192,EmpBayesX,.15150517989516232,.15236453919156762,.086359097,.5421419241358323
17,8192,Rescaled,.15604184621643025,.15392211288936974,.086359097,.27107096206791614
17,8192,Rescaled_0.125,.15115893391555954,.14920523007066028,.086359097,4.337135393086658
17,8192,Rescaled_0.25,.154205709882061,.15231472837650334,.086359097,2.168567696543329
17,8192,Rescaled_1.0,.15587571049832294,.15374810789694968,.086359097,.5421419241358323
17,8192,Rescaled_2.0,.15604184621643025,.15392211288936974,.086359097,.27107096206791614
17,8192,Rescaled_4.0,.156102657118902,.15384825978539085,.086359097,.13553548103395807
17,8192,Rescaled_8.0,.15609166513177256,.15380949308545896,.086359097,.06776774051697904
17,8192,ExactStein,.15440156087396156,.15275601229889463,.438466791,1.89
17,8192,ImpulseStein,.15133133318718092,.14935628806423315,.358976794,4.22
17,8192,OracleX,.15145772654179296,.15242768489907618,.085726334,.633831435723537
17,8192,OracleZ,.1560234540702108,.15394897584151357,.084666074,.28498085788057204
17,8192,Ridge,.15587222824775632,.15384413331787591,.008927742,.28498085788057204
17,16384,NaiveX,.15276546460113322,.15311814554842093,.001289201,0
17,16384,NaiveZ,.15802633111357167,.15469680076575654,.00125847,0
17,16384,FullInfo,.1558274980684919,.15672832077724141,.001260077,0
17,16384,MLE,.12817897326759264,.12365206976073234,.032327435,2.4079234925281656
17,16384,MM,.15548149846280163,.15246345933970828,.001604952,2.601595779533152
17,16384,EmpBayesX,.1530878125089288,.1533572802203259,.358150083,.6717340539362963
17,16384,Rescaled,.15793504542562437,.15478871542631148,.358150083,.33586702696814813
17,16384,Rescaled_0.125,.15143328242421739,.1486764131815834,.358150083,5.37387243149037
17,16384,Rescaled_0.25,.15538813373933208,.15240925625002508,.358150083,2.686936215745185
17,16384,Rescaled_1.0,.15764330473330662,.1546224033814641,.358150083,.6717340539362963
17,16384,Rescaled_2.0,.15793504542562437,.15478871542631148,.358150083,.33586702696814813
17,16384,Rescaled_4.0,.15797217041299028,.15475283821602961,.358150083,.16793351348407407
17,16384,Rescaled_8.0,.15801228624524255,.15472251666649978,.358150083,.08396675674203703
17,16384,ExactStein,.1552122895102654,.15225525120843386,.911663697,2.83
17,16384,ImpulseStein,.15399657774851436,.1511565729098589,.754598962,3.56
17,16384,OracleX,.15305713873563895,.15338630380866453,.358662928,.5923859424956944
17,16384,OracleZ,.15795421880399674,.15482399384538803,.345440785,.2801002316653747
17,16384,Ridge,.15792966251573337,.15476027609363835,.018833051,.2801002316653747
17,32768,NaiveX,.15320706951679566,.15293064202265708,.002735404,0
17,32768,NaiveZ,.1585338213178046,.1547133971769343,.002727511,0
17,32768,FullInfo,.15652038732779472,.15671394853657386,.002704604,0
17,32768,MLE,.12797172124789047,.1231733287759881,.06560541,2.4047587733515705
17,32768,MM,.15591201164689,.15241141580620376,.003381226,2.592842581168394
17,32768,EmpBayesX,.15351696470108045,.15309831929431528,1.443629668,.9008347188332835
17,32768,Rescaled,.15848186037467143,.15474371019884647,1.443629668,.45041735941664174
17,32768,Rescaled_0.125,.14947268208875542,.14655564863052772,1.443629668,7.206677750666268
17,32768,Rescaled_0.25,.15453648046463125,.15121856851397425,1.443629668,3.603338875333134
17,32768,Rescaled_1.0,.15811597041048028,.1544810875429879,1.443629668,.9008347188332835
17,32768,Rescaled_2.0,.15848186037467143,.15474371019884647,1.443629668,.45041735941664174
17,32768,Rescaled_4.0,.1585323626701516,.15475408828985432,1.443629668,.22520867970832087
17,32768,Rescaled_8.0,.15855641157680317,.1547372207632133,1.443629668,.11260433985416043
17,32768,ExactStein,.15572019467702436,.15225605624776656,1.908188255,2.78
17,32768,ImpulseStein,.1544632505243341,.15113656787928115,1.594925235,3.66
17,32768,OracleX,.15349308372125453,.15314250672451746,1.411570912,.5947871194611255
17,32768,OracleZ,.15849892560365503,.1547922784315766,1.407544004,.3109102392979319
17,32768,Ridge,.15851429268477168,.15473652871125235,.035803925,.3109102392979319
17,65536,NaiveX,.15282102803626757,.15275039064348694,.006055099,0
17,65536,NaiveZ,.1582862509601197,.15463777037775756,.006070115,0
17,65536,FullInfo,.15640824149080865,.15658996738751035,.00596682,0
17,65536,MLE,.12787773109111805,.12337288907288507,.126974596,2.40260843501492
17,65536,MM,.1556529608752397,.15236506692190144,.0078591,2.599393665646054
17,65536,EmpBayesX,.1530239265904683,.15286999117427474,5.543181365,.594512550159314
17,65536,Rescaled,.15824336202914274,.15466556302876294,5.543181365,.297256275079657
17,65536,Rescaled_0.125,.15265349300866826,.14973837184793662,5.543181365,4.756100401274512
17,65536,Rescaled_0.25,.15597460776944327,.15266918998548273,5.543181365,2.378050200637256
17,65536,Rescaled_1.0,.15810307395699474,.15452495090535015,5.543181365,.594512550159314
17,65536,Rescaled_2.0,.15824336202914274,.15466556302876294,5.543181365,.297256275079657
17,65536,Rescaled_4.0,.15826745821333177,.15467044764844,5.543181365,.1486281375398285
17,65536,Rescaled_8.0,.15831017543870593,.15464449055184812,5.543181365,.07431406876991425
17,65536,ExactStein,.15412974128559856,.15103925114253147,4.104820872,3.75
17,65536,ImpulseStein,.15359472653875056,.1505768232610377,3.46956921,4.08
17,65536,OracleX,.1530116016654841,.15291764304162944,5.586893976,.31540401838038734
17,65536,OracleZ,.15828349387703577,.15468522873517565,5.569070201,.12275871482847664
17,65536,Ridge,.15821097914408191,.15462400003742022,.072284122,.12275871482847664
17,131072,NaiveX,.15340700111832098,.15342357610638646,.013088536,0
17,131072,NaiveZ,.15902780180988074,.15531102831472962,.013269425,0
17,131072,FullInfo,.15708479982302104,.15728574529705097,.013629387,0
17,131072,MLE,.1281094089387225,.12338357662627428,.257808063,2.382419985214278
17,131072,MM,.15644932949692192,.1532664782342053,.015902651,2.5854582004559457
17,131072,EmpBayesX,.15357366285119511,.15359001522170582,22.647148566,.3782149366682515
17,131072,Rescaled,.15898424427055166,.15535370719854485,22.647148566,.18910746833412576
17,131072,Rescaled_0.125,.15579935991965238,.1526786873668946,22.647148566,3.025719493346012
17,131072,Rescaled_0.25,.15787558259949055,.15451847583796557,22.647148566,1.512859746673006
17,131072,Rescaled_1.0,.15893246679704087,.1553334407349783,22.647148566,.3782149366682515
17,131072,Rescaled_2.0,.15898424427055166,.15535370719854485,22.647148566,.18910746833412576
17,131072,Rescaled_4.0,.15900452715552452,.15535437569119476,22.647148566,.09455373416706288
17,131072,Rescaled_8.0,.15901776874783308,.15533124365961254,22.647148566,.04727686708353144
17,131072,ExactStein,.15445790760958572,.1515079913105108,8.803939664,4.06
17,131072,ImpulseStein,.15445790760958572,.1515079913105108,7.536913179,4.06
17,131072,OracleX,.15357362825710744,.1535905259230867,22.6770824,.3778694045238088
17,131072,OracleZ,.1589961894006805,.1553653107869644,22.308443065,.1332829193297124
17,131072,Ridge,.15892340578056408,.15532791023728365,.146771597,.1332829193297124
18,256,NaiveX,.1357735417944274,.14059930344823804,47632e-9,0
18,256,NaiveZ,.13841048213875076,.14200583776562187,21371e-9,0
18,256,FullInfo,.13723533664122295,.14342152227026034,19555e-9,0
18,256,MLE,.11480445669982839,.11479335464349477,599587e-9,2.4857429007573844
18,256,MM,.13578771821515828,.1384675210987643,31079e-9,2.6537994592652567
18,256,EmpBayesX,.13659334282123856,.1411141685654161,154419e-9,.5221058514798618
18,256,Rescaled,.13851623777275668,.1425236358882927,154419e-9,.2610529257399309
18,256,Rescaled_0.125,.13502907127369174,.13699342101995715,154419e-9,4.176846811838894
18,256,Rescaled_0.25,.13682900634870854,.13952144023741328,154419e-9,2.088423405919447
18,256,Rescaled_1.0,.13851623777275668,.1425236358882927,154419e-9,.5221058514798618
18,256,Rescaled_2.0,.13851623777275668,.1425236358882927,154419e-9,.2610529257399309
18,256,Rescaled_4.0,.13851623777275668,.1425236358882927,154419e-9,.13052646286996544
18,256,Rescaled_8.0,.13841048213875076,.14200583776562187,154419e-9,.06526323143498272
18,256,ExactStein,.1356528250318511,.13833098477545314,.009395817,3.87
18,256,ImpulseStein,.1356528250318511,.13833098477545314,.008690351,3.87
18,256,OracleX,.13570671425916497,.14168963018815106,156514e-9,1.6299225259875618
18,256,OracleZ,.13851435140545582,.142794408252633,119638e-9,.7341402199082827
18,256,Ridge,.13851623777275668,.1425236358882927,46605e-8,.7341402199082827
18,512,NaiveX,.1483284582721221,.1511912184915925,34012e-9,0
18,512,NaiveZ,.1517089497979311,.15288364867456916,33454e-9,0
18,512,FullInfo,.1499484488243735,.15459781497808484,33035e-9,0
18,512,MLE,.12244171555259362,.11814634866397648,.001013187,2.299800574998378
18,512,MM,.14966768985756784,.15072976781541503,50705e-9,2.475517143870748
18,512,EmpBayesX,.14892898867378562,.1516017047825886,36534e-8,.3433969466614394
18,512,Rescaled,.151761827614934,.15314254773590452,36534e-8,.1716984733307197
18,512,Rescaled_0.125,.14960299680940398,.1506786684554131,36534e-8,2.747175573291515
18,512,Rescaled_0.25,.1511566646975145,.15148213650294567,36534e-8,1.3735877866457575
18,512,Rescaled_1.0,.15180033913085794,.15322573940831793,36534e-8,.3433969466614394
18,512,Rescaled_2.0,.151761827614934,.15314254773590452,36534e-8,.1716984733307197
18,512,Rescaled_4.0,.1517089497979311,.15288364867456913,36534e-8,.08584923666535985
18,512,Rescaled_8.0,.1517089497979311,.15288364867456913,36534e-8,.04292461833267992
18,512,ExactStein,.15114137356077692,.15135285696837936,.020494785,1.98
18,512,ImpulseStein,.14900794681173124,.15054880326671632,.014273463,3.77
18,512,OracleX,.14818925107891126,.15222805179293025,372184e-9,.8528652558285227
18,512,OracleZ,.15180033913085794,.15322573940831793,405079e-9,.20736723579407734
18,512,Ridge,.15138650577430518,.1528638215919527,697993e-9,.20736723579407734
18,1024,NaiveX,.1507425426928692,.15026185849596085,66419e-9,0
18,1024,NaiveZ,.15626336083907716,.15291550716803504,64813e-9,0
18,1024,FullInfo,.155146138976701,.15453037063323044,65232e-9,0
18,1024,MLE,.12302877263540135,.11837036144808012,.003239239,2.5052770326897944
18,1024,MM,.15381547888711594,.15025058739263464,92609e-9,2.6982330533019483
18,1024,EmpBayesX,.1529066048432809,.15090433603014974,.001551734,.4583544800209218
18,1024,Rescaled,.15619690926870564,.15244066747304894,.001551734,.2291772400104609
18,1024,Rescaled_0.125,.15208524139338542,.14923492432365326,.001551734,3.666835840167374
18,1024,Rescaled_0.25,.15505518365117552,.15143385759009226,.001551734,1.833417920083687
18,1024,Rescaled_1.0,.15602333064252027,.15240104252589248,.001551734,.4583544800209218
18,1024,Rescaled_2.0,.15619690926870564,.15244066747304894,.001551734,.2291772400104609
18,1024,Rescaled_4.0,.15621841389076394,.15261489466425765,.001551734,.11458862000523044
18,1024,Rescaled_8.0,.15626336083907716,.15291550716803504,.001551734,.05729431000261522
18,1024,ExactStein,.15446019574936398,.15104307843553633,.045492447,2.49
18,1024,ImpulseStein,.15378398521468167,.1502553985085781,.035110191,3
18,1024,OracleX,.15286986873950148,.1512501363393498,.001564724,.44955941048448206
18,1024,OracleZ,.15626336083907716,.15291550716803504,.001326496,0
18,1024,Ridge,.1562195490636606,.15256728095407388,.002208801,0
18,2048,NaiveX,.15086672310280383,.14909175568415078,137378e-9,0
18,2048,NaiveZ,.15624029760897737,.1514785541886038,135771e-9,0
18,2048,FullInfo,.1545412859155248,.15306778538495444,132699e-9,0
18,2048,MLE,.1284592893036077,.12209133794541203,.003816058,2.396906565962419
18,2048,MM,.15330948196409425,.14865801159340292,179772e-9,2.5890661242218926
18,2048,EmpBayesX,.1511451479900629,.14870742084508837,.005588909,1.294638803686432
18,2048,Rescaled,.15580208876579843,.15070246238675455,.005588909,.647319401843216
18,2048,Rescaled_0.125,.1430575099922975,.13999141843546542,.005588909,10.357110429491456
18,2048,Rescaled_0.25,.14868013216545528,.1447806942810161,.005588909,5.178555214745728
18,2048,Rescaled_1.0,.15486977270946503,.150166501467842,.005588909,1.294638803686432
18,2048,Rescaled_2.0,.15580208876579843,.15070246238675455,.005588909,.647319401843216
18,2048,Rescaled_4.0,.15598668057020065,.15104192514773465,.005588909,.323659700921608
18,2048,Rescaled_8.0,.15606543357439745,.15101264455540145,.005588909,.161829850460804
18,2048,ExactStein,.1544262169468331,.14955724387740843,.107733462,1.95
18,2048,ImpulseStein,.15208709982165136,.14789308245743732,.106369532,3.4
18,2048,OracleX,.15086672310280383,.14909175568415078,.006295772,0
18,2048,OracleZ,.15624029760897737,.1514785541886038,.005281048,0
18,2048,Ridge,.15605377851313895,.1511212357088027,.00215628,0
18,4096,NaiveX,.15152636429855793,.14967278767402592,282019e-9,0
18,4096,NaiveZ,.15704122871337012,.1517135824789212,28167e-8,0
18,4096,FullInfo,.1548885396233717,.1535228623124099,277131e-9,0
18,4096,MLE,.129606817783837,.122713005214174,.008363144,2.4368278779973993
18,4096,MM,.15432853630500823,.1496382516656057,371695e-9,2.6115601824367034
18,4096,EmpBayesX,.15233627470410438,.14995276146674613,.023580653,.4574620024513454
18,4096,Rescaled,.1569206803472917,.15182720586166476,.023580653,.2287310012256727
18,4096,Rescaled_0.125,.1523069760186533,.14801647330412865,.023580653,3.659696019610763
18,4096,Rescaled_0.25,.15522671323524423,.15030663593664845,.023580653,1.8298480098053815
18,4096,Rescaled_1.0,.15680266297046525,.151558114816854,.023580653,.4574620024513454
18,4096,Rescaled_2.0,.1569206803472917,.15182720586166476,.023580653,.2287310012256727
18,4096,Rescaled_4.0,.15708548365700833,.15173258742617998,.023580653,.11436550061283635
18,4096,Rescaled_8.0,.1570873387336103,.1516653493903677,.023580653,.05718275030641817
18,4096,ExactStein,.15507608662975175,.15014099762101152,.210090613,2.03
18,4096,ImpulseStein,.1502160246765778,.14626653080082916,.170845399,4.97
18,4096,OracleX,.15233627470410438,.14995276146674613,.0236609,.4574620024513454
18,4096,OracleZ,.15694565371467567,.15182965077965246,.020565185,.13879596888251117
18,4096,Ridge,.1568110368898034,.1517132828664287,.004181398,.13879596888251117
18,8192,NaiveX,.15305760338023744,.15206380927042917,600006e-9,0
18,8192,NaiveZ,.15872671820253265,.15397234371387775,610134e-9,0
18,8192,FullInfo,.1568178545249281,.15588847109062223,589181e-9,0
18,8192,MLE,.12936322506137413,.1230438384722958,.016479051,2.437405996585361
18,8192,MM,.15605065434930993,.15169214624875696,772584e-9,2.6241377417811136
18,8192,EmpBayesX,.1538904439974209,.15245086170993075,.087709757,.7518268859846442
18,8192,Rescaled,.15854949836908142,.15395891811820883,.087709757,.3759134429923221
18,8192,Rescaled_0.125,.15047683624500885,.14684119473355844,.087709757,6.014615087877154
18,8192,Rescaled_0.25,.15542952450057568,.15115555116715718,.087709757,3.007307543938577
18,8192,Rescaled_1.0,.15837081973390013,.15371571618033064,.087709757,.7518268859846442
18,8192,Rescaled_2.0,.15854949836908142,.15395891811820883,.087709757,.3759134429923221
18,8192,Rescaled_4.0,.1587270159296583,.15397503267493834,.087709757,.18795672149616105
18,8192,Rescaled_8.0,.15876025263411453,.15397782432750667,.087709757,.09397836074808052
18,8192,ExactStein,.1558144660463085,.1515089024820554,.436146524,2.79
18,8192,ImpulseStein,.15307437470502122,.14908333576582938,.358896617,4.47
18,8192,OracleX,.1538904439974209,.15245086170993075,.087792798,.7518268859846442
18,8192,OracleZ,.1585848150973554,.15405420336072895,.079092949,.2213370951368992
18,8192,Ridge,.15854775345118433,.15393910762761204,.010026485,.2213370951368992
18,16384,NaiveX,.15346010512248093,.15303636509329144,.001263359,0
18,16384,NaiveZ,.15929939639096902,.15484595052365524,.001266851,0
18,16384,FullInfo,.1573402211148479,.15672832077724141,.001274045,0
18,16384,MLE,.12892020596808412,.12313814905395165,.03156379,2.4005845745433256
18,16384,MM,.15659474133481516,.1527171380513946,.001618782,2.5907422684894934
18,16384,EmpBayesX,.15405041009783,.15330978931092112,.345376601,.7351702533318302
18,16384,Rescaled,.1591546508152831,.15479115001711577,.345376601,.3675851266659151
18,16384,Rescaled_0.125,.15170605535762116,.14821195312730515,.345376601,5.881362026654641
18,16384,Rescaled_0.25,.15591922224325633,.15210328725795358,.345376601,2.9406810133273207
18,16384,Rescaled_1.0,.15885410149207713,.1546275298116449,.345376601,.7351702533318302
18,16384,Rescaled_2.0,.1591546508152831,.15479115001711577,.345376601,.3675851266659151
18,16384,Rescaled_4.0,.15917881903060063,.1548899908641349,.345376601,.18379256333295754
18,16384,Rescaled_8.0,.1593054888564849,.15484237073522522,.345376601,.09189628166647877
18,16384,ExactStein,.15635336880424422,.15252844540302102,.908944217,2.73
18,16384,ImpulseStein,.15303378210762633,.1494485353432363,.752724142,4.89
18,16384,OracleX,.15404929920358817,.15331152099869366,.34896372,.7316753480832975
18,16384,OracleZ,.15921017980468744,.1549168804712241,.337927679,.14771311061555753
18,16384,Ridge,.15917522744845458,.1548044434784492,.017649102,.14771311061555753
18,32768,NaiveX,.15303611709182185,.15284858749469438,.002701461,0
18,32768,NaiveZ,.15902094726066435,.1548285048203471,.003259073,0
18,32768,FullInfo,.15700972940230074,.15671394853657386,.002706769,0
18,32768,MLE,.12835036530170935,.12275946753533405,.063148463,2.4036318063657376
18,32768,MM,.1562646988239683,.15255963538008238,.003368585,2.5900829232968405
18,32768,EmpBayesX,.15335606641794147,.15306016782713264,1.410474754,.6845026563328674
18,32768,Rescaled,.15894837727562552,.1547928266865827,1.410474754,.3422513281664337
18,32768,Rescaled_0.125,.15190574473608617,.14868023736915492,1.410474754,5.4760212506629395
18,32768,Rescaled_0.25,.15607922888206183,.15241745842820265,1.410474754,2.7380106253314698
18,32768,Rescaled_1.0,.158712948878321,.15468355164402625,1.410474754,.6845026563328674
18,32768,Rescaled_2.0,.15894837727562552,.1547928266865827,1.410474754,.3422513281664337
18,32768,Rescaled_4.0,.1589334648545007,.15485293326458022,1.410474754,.17112566408321686
18,32768,Rescaled_8.0,.15898701405132679,.1548494143534131,1.410474754,.08556283204160843
18,32768,ExactStein,.1555369975006172,.15190708096625918,1.905966115,3.18
18,32768,ImpulseStein,.15277383599942582,.14947444726050058,1.591621463,4.86
18,32768,OracleX,.15333329637082938,.15306177093718198,1.411336875,.6292912023328572
18,32768,OracleZ,.15893404725147697,.15487103275393443,1.407930366,.1340829296196225
18,32768,Ridge,.15893343751374178,.1547898114233866,.036088947,.1340829296196225
18,65536,NaiveX,.15273944409576823,.15266714050327104,.006050421,0
18,65536,NaiveZ,.15875201950713866,.1546447216052385,.006058312,0
18,65536,FullInfo,.15678131388463,.15658996738751035,.00598917,0
18,65536,MLE,.12797315794891218,.12270113222463752,.158760272,2.401760788885902
18,65536,MM,.1561449956874143,.15251957098030539,.007395982,2.597073167643554
18,65536,EmpBayesX,.15298990582524652,.15285970707072594,5.533346804,.6922322803634191
18,65536,Rescaled,.15868662445371653,.15465180329848555,5.533346804,.34611614018170955
18,65536,Rescaled_0.125,.15191823852616967,.14871043710650156,5.533346804,5.537858242907353
18,65536,Rescaled_0.25,.1559246113249569,.15232517894747707,5.533346804,2.7689291214536764
18,65536,Rescaled_1.0,.15850007073341413,.15454121861433745,5.533346804,.6922322803634191
18,65536,Rescaled_2.0,.15868662445371653,.15465180329848555,5.533346804,.34611614018170955
18,65536,Rescaled_4.0,.15871911089248233,.15466903656436007,5.533346804,.17305807009085478
18,65536,Rescaled_8.0,.15875013666798699,.15466410405513853,5.533346804,.08652903504542739
18,65536,ExactStein,.1554521732316586,.1519010590208343,4.118128779,3.12
18,65536,ImpulseStein,.15269546486673918,.14939932999944233,3.494480548,4.94
18,65536,OracleX,.15292545224889464,.15286739797319976,5.569120068,.3781474983708959
18,65536,OracleZ,.15871349133297621,.15469338813274308,5.44218137,.2096972766384317
18,65536,Ridge,.15870301408550158,.1546366224468516,.071878134,.2096972766384317
18,131072,NaiveX,.1534960082589084,.15346758739729754,.013182822,0
18,131072,NaiveZ,.15941863907768386,.1553709649451802,.013226473,0
18,131072,FullInfo,.1574006023913208,.15728574529705097,.013619679,0
18,131072,MLE,.12828158369513654,.12322659496940941,.290325886,2.381877346002577
18,131072,MM,.15681323339912967,.15329231055643935,.015795375,2.583480337432485
18,131072,EmpBayesX,.15365658473535576,.1536396031688125,22.332576301,.5329342364218393
18,131072,Rescaled,.1593677379319312,.15539699321443678,22.332576301,.2664671182109197
18,131072,Rescaled_0.125,.15436038236574,.1511410377367285,22.332576301,4.263473891374715
18,131072,Rescaled_0.25,.1574361679227078,.1538649301477219,22.332576301,2.1317369456873574
18,131072,Rescaled_1.0,.15925628657444516,.1553028065488729,22.332576301,.5329342364218393
18,131072,Rescaled_2.0,.1593677379319312,.15539699321443678,22.332576301,.2664671182109197
18,131072,Rescaled_4.0,.1593930646169151,.1553999392382043,22.332576301,.13323355910545984
18,131072,Rescaled_8.0,.15941649777772643,.15537512824999988,22.332576301,.06661677955272992
18,131072,ExactStein,.15626551099193076,.15277434400259307,8.77164205,3.01
18,131072,ImpulseStein,.15418413859580704,.15098558417311608,7.501118753,4.39
18,131072,OracleX,.1536477706707038,.1536403808052896,22.345666094,.5678498187635802
18,131072,OracleZ,.15937973130771937,.15540875764324713,22.261660998,.1649956812237412
18,131072,Ridge,.1593375029414586,.15537281800837388,.146111318,.1649956812237412
19,256,NaiveX,.13601596883324862,.13898577686919827,50914e-9,0
19,256,NaiveZ,.14613823587314817,.1410360910248149,21162e-9,0
19,256,FullInfo,.1439393481060868,.14342152227026034,19974e-9,0
19,256,MLE,.12204604226601407,.11500049823422323,584082e-9,2.4900514081512894
19,256,MM,.13906005319003137,.1396699116566621,30172e-9,2.690448640738827
19,256,EmpBayesX,.13601596883324862,.13898577686919827,12341e-8,0
19,256,Rescaled,.14613823587314817,.1410360910248149,12341e-8,0
19,256,Rescaled_0.125,.14613823587314817,.1410360910248149,12341e-8,0
19,256,Rescaled_0.25,.14613823587314817,.1410360910248149,12341e-8,0
19,256,Rescaled_1.0,.14613823587314817,.1410360910248149,12341e-8,0
19,256,Rescaled_2.0,.14613823587314817,.1410360910248149,12341e-8,0
19,256,Rescaled_4.0,.14613823587314817,.1410360910248149,12341e-8,0
19,256,Rescaled_8.0,.14613823587314817,.1410360910248149,12341e-8,0
19,256,ExactStein,.14485662654702827,.14259487876024501,.011134586,1.58
19,256,ImpulseStein,.1406116464593401,.1411490200466628,.006954097,2.63
19,256,OracleX,.13601596883324862,.13898577686919827,125086e-9,0
19,256,OracleZ,.14391400022198284,.14271677915883962,137517e-9,1.6168372330224483
19,256,Ridge,.14613823587314817,.1410360910248149,459206e-9,1.6168372330224483
19,512,NaiveX,.14898745314145484,.15122896922309165,352e-7,0
19,512,NaiveZ,.15459037965576777,.1523504060969187,33803e-9,0
19,512,FullInfo,.15182475679045837,.15459781497808484,33873e-9,0
19,512,MLE,.12379871073523949,.12088777040527549,.001038889,2.2989132408921082
19,512,MM,.15279442856078052,.15102519908516404,49307e-9,2.4637601827778908
19,512,EmpBayesX,.14898745314145484,.15122896922309165,401517e-9,0
19,512,Rescaled,.15459037965576777,.1523504060969187,401517e-9,0
19,512,Rescaled_0.125,.15459037965576777,.1523504060969187,401517e-9,0
19,512,Rescaled_0.25,.15459037965576777,.1523504060969187,401517e-9,0
19,512,Rescaled_1.0,.15459037965576777,.1523504060969187,401517e-9,0
19,512,Rescaled_2.0,.15459037965576777,.1523504060969187,401517e-9,0
19,512,Rescaled_4.0,.15459037965576777,.1523504060969187,401517e-9,0
19,512,Rescaled_8.0,.15459037965576777,.1523504060969187,401517e-9,0
19,512,ExactStein,.15279442856078052,.15102519908516404,.020750125,2.75
19,512,ImpulseStein,.14969130152716145,.1490981251807072,.015923184,4.25
19,512,OracleX,.14834448726738256,.15128330597578005,402844e-9,.5242474416170031
19,512,OracleZ,.15394928849032685,.15311310373606196,392368e-9,.6441320379294563
19,512,Ridge,.15475154596719892,.15308296203772598,707562e-9,.6441320379294563
19,1024,NaiveX,.14719239245873483,.14987649968404987,66559e-9,0
19,1024,NaiveZ,.15323894533661558,.15190215221929868,65721e-9,0
19,1024,FullInfo,.15201063434843837,.15453037063323044,66e-6,0
19,1024,MLE,.12291080530930734,.12013247744461097,.001916794,2.524471954784986
19,1024,MM,.1516141787662099,.15005908848261645,92191e-9,2.7185325402973164
19,1024,EmpBayesX,.14806610320682367,.15003697197891888,.001383486,.08094240995375906
19,1024,Rescaled,.15323894533661558,.15190215221929868,.001383486,.04047120497687953
19,1024,Rescaled_0.125,.1531053768110866,.15181656822060924,.001383486,.6475392796300725
19,1024,Rescaled_0.25,.1532655048235014,.15186519643487545,.001383486,.32376963981503626
19,1024,Rescaled_1.0,.15324823525706738,.15187944564630917,.001383486,.08094240995375906
19,1024,Rescaled_2.0,.15323894533661558,.15190215221929868,.001383486,.04047120497687953
19,1024,Rescaled_4.0,.15323894533661558,.15190215221929868,.001383486,.020235602488439766
19,1024,Rescaled_8.0,.15323894533661558,.15190215221929868,.001383486,.010117801244219883
19,1024,ExactStein,.14920060233291688,.1483607346830516,.044885037,5
19,1024,ImpulseStein,.14920060233291688,.14836073468305158,.036154738,4.93
19,1024,OracleX,.14806610320682367,.15003697197891888,.001391448,.08094240995375906
19,1024,OracleZ,.15330362371662182,.1520149109229203,.001573943,.962737810308298
19,1024,Ridge,.15341525607539364,.15187318700766186,.001172914,.962737810308298
19,2048,NaiveX,.14641600163038102,.1491345901577255,134934e-9,0
19,2048,NaiveZ,.15221543640030064,.1508658600077169,133537e-9,0
19,2048,FullInfo,.1506782858935901,.15306778538495444,132838e-9,0
19,2048,MLE,.1254081255213991,.1227034482641097,.003780159,2.4276243220713063
19,2048,MM,.15056365418091436,.1486366675461506,182146e-9,2.6250712977961688
19,2048,EmpBayesX,.1467026707662616,.14922816670591382,.006952491,.966658522220017
19,2048,Rescaled,.15221912882539257,.1506792492145651,.006952491,.4833292611100085
19,2048,Rescaled_0.125,.14355316485668554,.14217334531215936,.006952491,7.733268177760136
19,2048,Rescaled_0.25,.14897491569445692,.14723130666837442,.006952491,3.866634088880068
19,2048,Rescaled_1.0,.15209095209819723,.15052112809771376,.006952491,.966658522220017
19,2048,Rescaled_2.0,.15221912882539257,.1506792492145651,.006952491,.4833292611100085
19,2048,Rescaled_4.0,.15208003897937494,.15080029578786522,.006952491,.24166463055500426
19,2048,Rescaled_8.0,.15214549756709836,.15070520539620558,.006952491,.12083231527750213
19,2048,ExactStein,.1513978363574971,.14947884666145625,.100719582,2.04
19,2048,ImpulseStein,.14906347094435168,.14733004565215146,.082001419,3.84
19,2048,OracleX,.14665936139649152,.14932726031171403,.005986515,1.2233555422856015
19,2048,OracleZ,.1522337853240595,.15088395754063066,.005865062,.0033863538877837744
19,2048,Ridge,.15226214215962253,.15067922017236934,.002992489,.0033863538877837744
19,4096,NaiveX,.1485565069717611,.15001456046710435,284673e-9,0
19,4096,NaiveZ,.15408369623511306,.15150313348713354,280482e-9,0
19,4096,FullInfo,.1523516849236658,.1535228623124099,280553e-9,0
19,4096,MLE,.12699479318264642,.12305555767852507,.007654744,2.4455743640952514
19,4096,MM,.1516868780563727,.14939736330606287,37393e-8,2.6227164787870354
19,4096,EmpBayesX,.14907745918434734,.1501660249331804,.022088633,.08842570797182649
19,4096,Rescaled,.15409371522453824,.15154768132082055,.022088633,.04421285398591324
19,4096,Rescaled_0.125,.15402794881145407,.1511912810148902,.022088633,.7074056637746119
19,4096,Rescaled_0.25,.15402787142915314,.15139308318374195,.022088633,.35370283188730595
19,4096,Rescaled_1.0,.15415200428205672,.1515648286801998,.022088633,.08842570797182649
19,4096,Rescaled_2.0,.15409371522453824,.15154768132082055,.022088633,.04421285398591324
19,4096,Rescaled_4.0,.1540836962351131,.15150313348713357,.022088633,.02210642699295662
19,4096,Rescaled_8.0,.1540836962351131,.15150313348713357,.022088633,.01105321349647831
19,4096,ExactStein,.15080046376628697,.14858278789538004,.209870962,3.26
19,4096,ImpulseStein,.14856646381849095,.14662879687982427,.171038509,4.66
19,4096,OracleX,.14892090004572134,.15018065176828976,.022056646,.39661477384797694
19,4096,OracleZ,.15415432579110672,.15156626995834344,.02390716,.10303317603595835
19,4096,Ridge,.15408397433753174,.15131759150564877,.005008318,.10303317603595835
19,8192,NaiveX,.15296933798294227,.15249062117992926,594e-6,0
19,8192,NaiveZ,.15802385843061217,.15397327756204027,593092e-9,0
19,8192,FullInfo,.1559564876093827,.15588847109062223,591416e-9,0
19,8192,MLE,.12839190983384227,.12294914612131336,.015860536,2.4417728456454757
19,8192,MM,.15572812590019025,.1518868633333985,777613e-9,2.6285801898501897
19,8192,EmpBayesX,.15312182089057086,.15255073166950148,.083407534,.034742749882370104
19,8192,Rescaled,.15800281746846428,.1539659696080284,.083407534,.017371374941185052
19,8192,Rescaled_0.125,.1579387201068496,.15392532716655893,.083407534,.27794199905896083
19,8192,Rescaled_0.25,.15799842884515317,.15396076128747216,.083407534,.13897099952948042
19,8192,Rescaled_1.0,.1580023925972883,.15398096838412606,.083407534,.034742749882370104
19,8192,Rescaled_2.0,.15800281746846428,.1539659696080284,.083407534,.017371374941185052
19,8192,Rescaled_4.0,.15800281746846428,.1539659696080284,.083407534,.008685687470592526
19,8192,Rescaled_8.0,.15802349871848026,.15397357256017313,.083407534,.004342843735296263
19,8192,ExactStein,.15516285569368146,.15146954912473007,.437177311,3.12
19,8192,ImpulseStein,.15612547663230567,.1523910677188843,.3595071,2.23
19,8192,OracleX,.15312182089057086,.15255073166950148,.083327076,.034742749882370104
19,8192,OracleZ,.1580023925972883,.15398096838412606,.091630507,.03363359260999073
19,8192,Ridge,.15785207098632834,.15380622232149202,.009009107,.03363359260999073
19,16384,NaiveX,.1528773764187829,.15302735030621045,.001266362,0
19,16384,NaiveZ,.15820022800644037,.15465297932639754,.001256584,0
19,16384,FullInfo,.1562248040837824,.15672832077724141,.001256235,0
19,16384,MLE,.12825870691913432,.1235976709516953,.032421931,2.402823715833399
19,16384,MM,.15584571399523559,.15268801961934908,.001616547,2.5901629861844575
19,16384,EmpBayesX,.15314192454121356,.15315727175451907,.351020615,.08705030640483027
19,16384,Rescaled,.15819609024186265,.15466356591342417,.351020615,.04352515320241514
19,16384,Rescaled_0.125,.15802850328678902,.15443002881447304,.351020615,.6964024512386422
19,16384,Rescaled_0.25,.15819272428047343,.15462504175235658,.351020615,.3482012256193211
19,16384,Rescaled_1.0,.15823470341270768,.15467716312659638,.351020615,.08705030640483027
19,16384,Rescaled_2.0,.15819609024186265,.15466356591342417,.351020615,.04352515320241514
19,16384,Rescaled_4.0,.15820263146309552,.1546657075915473,.351020615,.02176257660120757
19,16384,Rescaled_8.0,.15820022800644037,.15465297932639754,.351020615,.010881288300603784
19,16384,ExactStein,.15539880751412222,.152371315636669,.909394973,2.85
19,16384,ImpulseStein,.15246445013404952,.14972963383079796,.752999876,4.72
19,16384,OracleX,.1529901781448274,.1531642056689293,.351182716,.6625760280842434
19,16384,OracleZ,.1582650503520605,.1547181864816416,.354929073,.1576095374990998
19,16384,Ridge,.15817257589592074,.154643725809823,.018685966,.1576095374990998
19,32768,NaiveX,.15267966036211544,.153129036589715,.002714172,0
19,32768,NaiveZ,.1582592489324266,.15477206627552603,.002721016,0
19,32768,FullInfo,.15637774374995012,.15671394853657386,.002706978,0
19,32768,MLE,.12759743537655246,.12302969834061903,.065603524,2.403445815839565
19,32768,MM,.1556342492433459,.15247411887954251,.003378013,2.5901354344051373
19,32768,EmpBayesX,.1528390156924907,.1531752481235137,1.43702401,.19250070697975308
19,32768,Rescaled,.15830554776922778,.1547739704174337,1.43702401,.09625035348987654
19,32768,Rescaled_0.125,.15703397634020438,.15376269406655402,1.43702401,1.5400056558380246
19,32768,Rescaled_0.25,.15796384203020897,.15458341915012958,1.43702401,.7700028279190123
19,32768,Rescaled_1.0,.15825811984639035,.15479261325658047,1.43702401,.19250070697975308
19,32768,Rescaled_2.0,.15830554776922778,.1547739704174337,1.43702401,.09625035348987654
19,32768,Rescaled_4.0,.15829263045361305,.15478865924526464,1.43702401,.04812517674493827
19,32768,Rescaled_8.0,.15828253701180825,.15478337185494606,1.43702401,.024062588372469135
19,32768,ExactStein,.1541999940289492,.1512346939755353,1.906946617,3.55
19,32768,ImpulseStein,.15285673404930897,.15002294106457637,1.59291206,4.41
19,32768,OracleX,.15283184440238734,.15319815401011244,1.385138082,.6218056083838104
19,32768,OracleZ,.15829175393700123,.154793032083122,1.370563045,.05329180608086657
19,32768,Ridge,.15820043975050996,.15470235216366587,.035835842,.05329180608086657
19,65536,NaiveX,.1527657134014015,.15279507107353277,.006011728,0
19,65536,NaiveZ,.15843169618320763,.1545844110250375,.006025976,0
19,65536,FullInfo,.15649738103742822,.15658996738751035,.006014731,0
19,65536,MLE,.1278602740148535,.12290726161952109,.127225606,2.4055766634793505
19,65536,MM,.1558351398200028,.15242409825565206,.007408624,2.602989402588729
19,65536,EmpBayesX,.15299873002297038,.15293691308769658,5.499089584,.3792509609838667
19,65536,Rescaled,.1584418562299233,.15461958706470796,5.499089584,.18962548049193334
19,65536,Rescaled_0.125,.15507446028799587,.1518260123639119,5.499089584,3.0340076878709334
19,65536,Rescaled_0.25,.15722159894105486,.15367641828037046,5.499089584,1.5170038439354667
19,65536,Rescaled_1.0,.15836197934047036,.15458700136186826,5.499089584,.3792509609838667
19,65536,Rescaled_2.0,.1584418562299233,.15461958706470796,5.499089584,.18962548049193334
19,65536,Rescaled_4.0,.15844688903560974,.1546347544810727,5.499089584,.09481274024596667
19,65536,Rescaled_8.0,.1584589970075232,.15460776585451164,5.499089584,.047406370122983335
19,65536,ExactStein,.15432031990011574,.15112526487788047,4.122722241,3.6
19,65536,ImpulseStein,.15289148849931372,.14991830607388018,3.489918027,4.57
19,65536,OracleX,.15297016958867943,.15295286395632077,5.560906663,.22827669902023742
19,65536,OracleZ,.1584432205049451,.1546360802969313,5.471552353,.08459869531673572
19,65536,Ridge,.15836197934047036,.15458700136186826,.071969418,.08459869531673572
19,131072,NaiveX,.15351829878871714,.1535300940342434,.013245051,0
19,131072,NaiveZ,.15927098021764852,.15532680813681538,.013672688,0
19,131072,FullInfo,.15725398880036331,.15728574529705097,.013083717,0
19,131072,MLE,.12836880556103747,.1234103407719174,.258783956,2.386097517250786
19,131072,MM,.15653158264637343,.15320326840561976,.016328613,2.5898063296644147
19,131072,EmpBayesX,.15366274862996732,.15365743142343177,22.604662507,.3288015113008378
19,131072,Rescaled,.15924964695878585,.15534673685707834,22.604662507,.1644007556504189
19,131072,Rescaled_0.125,.15648105358318598,.15314890905903367,22.604662507,2.6304120904067023
19,131072,Rescaled_0.25,.15829390196826781,.15467798586386095,22.604662507,1.3152060452033512
19,131072,Rescaled_1.0,.15918300510810984,.15532703877513104,22.604662507,.3288015113008378
19,131072,Rescaled_2.0,.15924964695878585,.15534673685707834,22.604662507,.1644007556504189
19,131072,Rescaled_4.0,.1592701577343265,.15534769778659763,22.604662507,.08220037782520945
19,131072,Rescaled_8.0,.15926786515970262,.15533234222398956,22.604662507,.041100188912604724
19,131072,ExactStein,.1556266506059937,.15240162027160453,8.792186423,3.22
19,131072,ImpulseStein,.15641301517969275,.15309362880412808,7.509752463,2.68
19,131072,OracleX,.15366274862996732,.15365743142343177,22.532177381,.3288015113008378
19,131072,OracleZ,.1592727345144914,.1553540177242932,22.378938551,.09065151902105159
19,131072,Ridge,.15916407027368307,.15532010527746754,.146642181,.09065151902105159
20,256,NaiveX,.1402779796579546,.14221608922303597,50007e-9,0
20,256,NaiveZ,.1417879313403569,.1425552589310933,20813e-9,0
20,256,FullInfo,.1406677166211875,.14342152227026034,19485e-9,0
20,256,MLE,.11548032412427481,.11684335526988797,.002245257,2.5450112423441773
20,256,MM,.1408942217644853,.13994924561123362,32965e-9,2.7690668671771843
20,256,EmpBayesX,.1402779796579546,.14221608922303597,132279e-9,0
20,256,Rescaled,.1417879313403569,.1425552589310933,132279e-9,0
20,256,Rescaled_0.125,.1417879313403569,.1425552589310933,132279e-9,0
20,256,Rescaled_0.25,.1417879313403569,.1425552589310933,132279e-9,0
20,256,Rescaled_1.0,.1417879313403569,.1425552589310933,132279e-9,0
20,256,Rescaled_2.0,.1417879313403569,.1425552589310933,132279e-9,0
20,256,Rescaled_4.0,.1417879313403569,.1425552589310933,132279e-9,0
20,256,Rescaled_8.0,.1417879313403569,.1425552589310933,132279e-9,0
20,256,ExactStein,.14157474250298344,.1423135084094662,.009436884,1.7
20,256,ImpulseStein,.14155852097170557,.14229332316006607,.006949487,1.89
20,256,OracleX,.1402779796579546,.14221608922303597,137658e-9,0
20,256,OracleZ,.1417879313403569,.1425552589310933,134654e-9,0
20,256,Ridge,.14157474250298344,.14231350840946622,461022e-9,0
20,512,NaiveX,.15368800674537758,.1522802292688123,34292e-9,0
20,512,NaiveZ,.15688583562102953,.1537448070898234,33664e-9,0
20,512,FullInfo,.1555330091286354,.15459781497808484,33314e-9,0
20,512,MLE,.12333590052635623,.12139501704685646,.001049016,2.3282809145350556
20,512,MM,.1572582544337535,.1533054347275177,51823e-9,2.533971432289308
20,512,EmpBayesX,.15368800674537758,.1522802292688123,36967e-8,0
20,512,Rescaled,.15688583562102953,.1537448070898234,36967e-8,0
20,512,Rescaled_0.125,.15688583562102953,.1537448070898234,36967e-8,0
20,512,Rescaled_0.25,.15688583562102953,.1537448070898234,36967e-8,0
20,512,Rescaled_1.0,.15688583562102953,.1537448070898234,36967e-8,0
20,512,Rescaled_2.0,.15688583562102953,.1537448070898234,36967e-8,0
20,512,Rescaled_4.0,.15688583562102953,.1537448070898234,36967e-8,0
20,512,Rescaled_8.0,.15688583562102953,.1537448070898234,36967e-8,0
20,512,ExactStein,.15568755733742407,.1519082482602132,.020806137,3.18
20,512,ImpulseStein,.1569293123414973,.15325481101335184,.015505394,1.05
20,512,OracleX,.15368800674537758,.1522802292688123,376375e-9,0
20,512,OracleZ,.15688583562102953,.1537448070898234,390762e-9,0
20,512,Ridge,.15688583562102953,.1537448070898234,701975e-9,0
20,1024,NaiveX,.15066563998373866,.15109352310276414,66558e-9,0
20,1024,NaiveZ,.1559484094131368,.15329172225507406,64463e-9,0
20,1024,FullInfo,.15521917662518542,.15453037063323044,6572e-8,0
20,1024,MLE,.12311860400734173,.11912228824316921,.00191854,2.551398328414716
20,1024,MM,.1550423795463418,.15150813525069412,9233e-8,2.7802761709380985
20,1024,EmpBayesX,.15066563998373866,.15109352310276414,.001446204,0
20,1024,Rescaled,.1559484094131368,.15329172225507406,.001446204,0
20,1024,Rescaled_0.125,.1559484094131368,.15329172225507406,.001446204,0
20,1024,Rescaled_0.25,.1559484094131368,.15329172225507406,.001446204,0
20,1024,Rescaled_1.0,.1559484094131368,.15329172225507406,.001446204,0
20,1024,Rescaled_2.0,.1559484094131368,.15329172225507406,.001446204,0
20,1024,Rescaled_4.0,.1559484094131368,.15329172225507406,.001446204,0
20,1024,Rescaled_8.0,.1559484094131368,.15329172225507406,.001446204,0
20,1024,ExactStein,.15204301625523395,.14977194347097428,.045786758,4.85
20,1024,ImpulseStein,.15533346082849117,.15154573575062613,.036063804,1.97
20,1024,OracleX,.15053205713846435,.15110303381555837,.001461289,.1483665417037619
20,1024,OracleZ,.15592060183246187,.15334999259737458,.001392914,.06757438137135517
20,1024,Ridge,.15597850322832751,.1527925536722935,.001164812,.06757438137135517
20,2048,NaiveX,.14915669676903232,.14886328216440842,133886e-9,0
20,2048,NaiveZ,.15536622708762327,.1514261414248555,13207e-8,0
20,2048,FullInfo,.15391628771796825,.15306778538495444,133257e-9,0
20,2048,MLE,.1257467736088986,.12148394678975455,.003856915,2.41347969529994
20,2048,MM,.1531349713767722,.1492390087298533,179911e-9,2.614617502537495
20,2048,EmpBayesX,.1495683608179589,.14901221111939236,.006489163,.27719307540644855
20,2048,Rescaled,.1552683931114932,.15136115077359064,.006489163,.13859653770322428
20,2048,Rescaled_0.125,.15333227590163764,.1494241293899034,.006489163,2.2175446032515884
20,2048,Rescaled_0.25,.15475681946745032,.15074901796617834,.006489163,1.1087723016257942
20,2048,Rescaled_1.0,.1549283530991019,.15127889681241918,.006489163,.27719307540644855
20,2048,Rescaled_2.0,.1552683931114932,.15136115077359064,.006489163,.13859653770322428
20,2048,Rescaled_4.0,.1553731293972367,.15136343230665703,.006489163,.06929826885161214
20,2048,Rescaled_8.0,.15537287102638453,.151383618456127,.006489163,.03464913442580607
20,2048,ExactStein,.14927945175402874,.14636041108397285,.099902927,4.82
20,2048,ImpulseStein,.1531146956194748,.149226550381948,.081105356,2.76
20,2048,OracleX,.14956300604516748,.14901577977424219,.005535271,.24660922955547304
20,2048,OracleZ,.15536622708762327,.1514261414248555,.005804439,0
20,2048,Ridge,.1549636202532671,.1513201405792322,.003000102,0
20,4096,NaiveX,.14938975205013816,.14909436801826942,282229e-9,0
20,4096,NaiveZ,.15591772860494252,.15190122824295726,280273e-9,0
20,4096,FullInfo,.15405149569194387,.1535228623124099,277898e-9,0
20,4096,MLE,.12706887001624168,.1229782150850603,.007658655,2.444100370800342
20,4096,MM,.1525880893801988,.14903209468010448,374629e-9,2.6258875188036757
20,4096,EmpBayesX,.14982982081538107,.14923655703320943,.023144773,.4506687745249127
20,4096,Rescaled,.15569610612393373,.15171763832950427,.023144773,.22533438726245636
20,4096,Rescaled_0.125,.15082796112320923,.14754226419136363,.023144773,3.6053501961993017
20,4096,Rescaled_0.25,.15411864159473448,.15017353759952481,.023144773,1.8026750980996509
20,4096,Rescaled_1.0,.15547634152319084,.15152935164597517,.023144773,.4506687745249127
20,4096,Rescaled_2.0,.15569610612393373,.15171763832950427,.023144773,.22533438726245636
20,4096,Rescaled_4.0,.15586221091277663,.15174303635884884,.023144773,.11266719363122818
20,4096,Rescaled_8.0,.15587972938823946,.1518074125755236,.023144773,.05633359681561409
20,4096,ExactStein,.15204378823780074,.14873368735885656,.243036422,3.07
20,4096,ImpulseStein,.14900145126966668,.14615882440578482,.170792319,4.72
20,4096,OracleX,.14982982081538107,.14923655703320943,.022889084,.4506687745249127
20,4096,OracleZ,.15591772860494252,.15190122824295726,.022304652,0
20,4096,Ridge,.15547634152319084,.15152935164597514,.004878274,0
20,8192,NaiveX,.15181193081578126,.15191818724742653,600425e-9,0
20,8192,NaiveZ,.15816190407100608,.1542298555808977,58555e-8,0
20,8192,FullInfo,.1561516304625268,.15588847109062223,587575e-9,0
20,8192,MLE,.1278341541338085,.12372679340736525,.01582387,2.4416012901969286
20,8192,MM,.15503653485972468,.15180570839565005,766857e-9,2.6316859957017456
20,8192,EmpBayesX,.15212339414063938,.15192638850938753,.085703356,.4051412239148179
20,8192,Rescaled,.15791434661176607,.15412451994196502,.085703356,.20257061195740894
20,8192,Rescaled_0.125,.15401448770495874,.15093657713951308,.085703356,3.241129791318543
20,8192,Rescaled_0.25,.15675890119433628,.15320030817237043,.085703356,1.6205648956592715
20,8192,Rescaled_1.0,.15777917640997474,.15412824435173664,.085703356,.4051412239148179
20,8192,Rescaled_2.0,.15791434661176607,.15412451994196502,.085703356,.20257061195740894
20,8192,Rescaled_4.0,.15808720384080688,.15419088429031552,.085703356,.10128530597870447
20,8192,Rescaled_8.0,.15813890504955297,.1541949038593975,.085703356,.050642652989352235
20,8192,ExactStein,.15464602881723194,.15148517360328945,.434623705,2.94
20,8192,ImpulseStein,.15765490151219969,.15400079927475518,.356820375,.69
20,8192,OracleX,.15188194570225716,.15195686093686028,.085604182,.041486013376526354
20,8192,OracleZ,.15816417103128477,.15423691908224135,.087102766,.0030443367184895976
20,8192,Ridge,.15780923645992564,.15412379103026078,.00895051,.0030443367184895976
20,16384,NaiveX,.15298229937631147,.1529895749533624,.001255886,0
20,16384,NaiveZ,.1592050189894584,.15491796630438803,.00126741,0
20,16384,FullInfo,.15721990854006795,.15672832077724141,.001274883,0
20,16384,MLE,.12924775652704246,.12430884509150486,.032152972,2.4067526451954215
20,16384,MM,.15621969717780307,.15267265517996756,.001603346,2.597389923932818
20,16384,EmpBayesX,.15311044373543622,.15298157763684922,.340211838,.17342256199580283
20,16384,Rescaled,.15921476171197974,.1549315602656614,.340211838,.08671128099790142
20,16384,Rescaled_0.125,.15808937656577632,.1542269375099586,.340211838,1.3873804959664227
20,16384,Rescaled_0.25,.15874127293253987,.1547596839738431,.340211838,.6936902479832113
20,16384,Rescaled_1.0,.15913261736945683,.1548950569818987,.340211838,.17342256199580283
20,16384,Rescaled_2.0,.15921476171197974,.1549315602656614,.340211838,.08671128099790142
20,16384,Rescaled_4.0,.1592024473952852,.15493332101082752,.340211838,.04335564049895071
20,16384,Rescaled_8.0,.15920869784238972,.15492229760790532,.340211838,.021677820249475354
20,16384,ExactStein,.1556201646228026,.15220196245405387,.908258934,3.01
20,16384,ImpulseStein,.15272428922851997,.14973829338985845,.752357475,4.86
20,16384,OracleX,.15297702186549805,.15300801248080953,.34138168,.008574943124848283
20,16384,OracleZ,.15921876352779615,.1549387915030645,.342180036,.05755039802001662
20,16384,Ridge,.15896856930254105,.1548644305396493,.018175216,.05755039802001662
20,32768,NaiveX,.15313027876456747,.15298204240240518,.002707746,0
20,32768,NaiveZ,.15923476489178476,.15487103024298124,.002700484,0
20,32768,FullInfo,.15738823295771148,.15671394853657386,.00270628,0
20,32768,MLE,.12832347835893537,.12339720212176297,.063287797,2.399928849011784
20,32768,MM,.1563105644897681,.15262846369865343,.003902591,2.587406987056898
20,32768,EmpBayesX,.1532460141123646,.15302597135260582,1.417005962,.6418730239246081
20,32768,Rescaled,.15914056732874532,.1548585389425282,1.417005962,.32093651196230405
20,32768,Rescaled_0.125,.1524212636331554,.14925820546863589,1.417005962,5.134984191396865
20,32768,Rescaled_0.25,.156320649387293,.15263674962343726,1.417005962,2.5674920956984324
20,32768,Rescaled_1.0,.15885381786260303,.15478460397673,1.417005962,.6418730239246081
20,32768,Rescaled_2.0,.15914056732874532,.1548585389425282,1.417005962,.32093651196230405
20,32768,Rescaled_4.0,.1591911631244553,.15490318858806354,1.417005962,.16046825598115202
20,32768,Rescaled_8.0,.15921561456395367,.1548808062933723,1.417005962,.08023412799057601
20,32768,ExactStein,.15617046189687253,.15250043535043062,1.903367111,2.68
20,32768,ImpulseStein,.1545946977722406,.15111130173497572,1.59026249,3.62
20,32768,OracleX,.15320337023142505,.1530514825465889,1.427050815,.27296338766116346
20,32768,OracleZ,.15916310636871953,.1549322409012074,1.404682118,.19029401341590987
20,32768,Ridge,.15910073086265236,.15480766601239332,.035439772,.19029401341590987
20,65536,NaiveX,.1528207368529789,.15274472532607572,.006010332,0
20,65536,NaiveZ,.15873924546851098,.15459396738617776,.00661341,0
20,65536,FullInfo,.15664946402285218,.15658996738751035,.005939303,0
20,65536,MLE,.12811033901156743,.12326021248527674,.158932221,2.40081497210168
20,65536,MM,.15584635023825927,.15241812710812103,.007364484,2.5983334087321506
20,65536,EmpBayesX,.15292540376490643,.15283641573378237,5.582456191,.2337523785965316
20,65536,Rescaled,.15874219070098447,.15461704976660087,5.582456191,.1168761892982658
20,65536,Rescaled_0.125,.1569481876789117,.15335452008171288,5.582456191,1.870019028772253
20,65536,Rescaled_0.25,.15819578963051473,.15429053273116278,5.582456191,.9350095143861265
20,65536,Rescaled_1.0,.15870846136730526,.1546048219468366,5.582456191,.2337523785965316
20,65536,Rescaled_2.0,.15874219070098447,.15461704976660087,5.582456191,.1168761892982658
20,65536,Rescaled_4.0,.15875170750900847,.15460605225539303,5.582456191,.0584380946491329
20,65536,Rescaled_8.0,.15874599674883572,.15460363316358466,5.582456191,.02921904732456645
20,65536,ExactStein,.15559235413324854,.1521969708106204,4.125852177,2.8
20,65536,ImpulseStein,.15261028644003702,.14958062805306643,3.483037892,4.87
20,65536,OracleX,.15290580777337454,.1528486508112844,5.518705556,.2750258161474972
20,65536,OracleZ,.15873095875414805,.15461827658026325,5.687786345,.12810256522728297
20,65536,Ridge,.158637835200487,.15455891631198634,.071909703,.12810256522728297
20,131072,NaiveX,.15328240447946867,.15346047021920495,.013229964,0
20,131072,NaiveZ,.15927795168137138,.15528903345669465,.013212225,0
20,131072,FullInfo,.1571625610518122,.15728574529705097,.013067234,0
20,131072,MLE,.12794751350396336,.12336916032625894,.295906902,2.381275899731937
20,131072,MM,.15653199367144027,.1531536764372911,.015813604,2.582897291443795
20,131072,EmpBayesX,.15340131834548923,.15356177781697297,22.370636309,.2766576024292331
20,131072,Rescaled,.15925413094923144,.15531294497624704,22.370636309,.13832880121461655
20,131072,Rescaled_0.125,.1571150589276591,.15365952369727276,22.370636309,2.2132608194338648
20,131072,Rescaled_0.25,.1585736151750599,.15488798148685856,22.370636309,1.1066304097169324
20,131072,Rescaled_1.0,.15922728628201055,.15530581390057466,22.370636309,.2766576024292331
20,131072,Rescaled_2.0,.15925413094923144,.15531294497624704,22.370636309,.13832880121461655
20,131072,Rescaled_4.0,.1592854137492104,.15530010678963868,22.370636309,.06916440060730827
20,131072,Rescaled_8.0,.15927816466044836,.15529766153922522,22.370636309,.03458220030365414
20,131072,ExactStein,.1540030016772308,.15089600900403283,8.859090042,4.45
20,131072,ImpulseStein,.15331751974285865,.15026139316840126,7.565086664,4.98
20,131072,OracleX,.15339705982850468,.15356219866689352,22.684903856,.2752157451052562
20,131072,OracleZ,.15926113934365205,.15531811896267278,22.96999416,.1175294840862252
20,131072,Ridge,.15913706954323215,.15527847313346244,.149180772,.1175294840862252
21,256,NaiveX,.13287394122254587,.13687535128735678,50146e-9,0
21,256,NaiveZ,.13914637760544085,.14089014482969797,2172e-8,0
21,256,FullInfo,.14132210387557698,.14342152227026034,19765e-9,0
21,256,MLE,.11839155346489898,.11766056174034135,587994e-9,2.469249801411576
21,256,MM,.13741816350652816,.13763703521004547,30102e-9,2.662535781663688
21,256,EmpBayesX,.1349675665986088,.13863788008262673,144082e-9,1.3423673206284745
21,256,Rescaled,.13914637760544088,.14089014482969797,144082e-9,.6711836603142373
21,256,Rescaled_0.125,.1281687104209626,.12683709956293737,144082e-9,10.738938565027796
21,256,Rescaled_0.25,.13511670999742012,.1350130143602898,144082e-9,5.369469282513898
21,256,Rescaled_1.0,.140599508457939,.13968454713901915,144082e-9,1.3423673206284745
21,256,Rescaled_2.0,.13914637760544088,.14089014482969797,144082e-9,.6711836603142373
21,256,Rescaled_4.0,.13914637760544085,.14089014482969797,144082e-9,.33559183015711863
21,256,Rescaled_8.0,.13914637760544085,.14089014482969797,144082e-9,.16779591507855932
21,256,ExactStein,.13918122897111707,.1409625514636592,.011243819,1.16
21,256,ImpulseStein,.13708286814933304,.13668962301108284,.006973373,4.94
21,256,OracleX,.13426311587176146,.13867440303064896,145829e-9,1.5017095414304797
21,256,OracleZ,.1393557062093382,.14134248308376274,12306e-8,1.169840440101007
21,256,Ridge,.13914637760544085,.14089014482969797,461441e-9,1.169840440101007
21,512,NaiveX,.14760724819799403,.14887085201285416,34781e-9,0
21,512,NaiveZ,.15328832578408752,.1514040572850443,33314e-9,0
21,512,FullInfo,.15492165816457498,.15459781497808484,32895e-9,0
21,512,MLE,.12381569472913523,.11821765786027004,.001034978,2.265005108235053
21,512,MM,.15313112167148454,.1502365995251227,50146e-9,2.443086070318386
21,512,EmpBayesX,.14903937612447013,.15007410319435457,433924e-9,.03492530744291044
21,512,Rescaled,.15328832578408752,.1514040572850443,433924e-9,.01746265372145522
21,512,Rescaled_0.125,.15416665620875197,.15103966350340797,433924e-9,.2794024595432835
21,512,Rescaled_0.25,.15328832578408752,.1514040572850443,433924e-9,.13970122977164176
21,512,Rescaled_1.0,.15328832578408752,.1514040572850443,433924e-9,.03492530744291044
21,512,Rescaled_2.0,.15328832578408752,.1514040572850443,433924e-9,.01746265372145522
21,512,Rescaled_4.0,.15328832578408752,.1514040572850443,433924e-9,.00873132686072761
21,512,Rescaled_8.0,.15328832578408752,.1514040572850443,433924e-9,.004365663430363805
21,512,ExactStein,.15303740404566074,.1503330250832054,.020531801,2.81
21,512,ImpulseStein,.15030852292369834,.1470601758812124,.015952797,4.61
21,512,OracleX,.14890436285496184,.15025887259736764,438393e-9,.6753487286398536
21,512,OracleZ,.15499736736992648,.15164785709101353,394184e-9,.6111862891106793
21,512,Ridge,.15416874439791164,.15090505806478224,701416e-9,.6111862891106793
21,1024,NaiveX,.1468717097072602,.1488498095005778,66349e-9,0
21,1024,NaiveZ,.15361151845816182,.1514488523768714,64953e-9,0
21,1024,FullInfo,.15379141159936904,.15453037063323044,65302e-9,0
21,1024,MLE,.12383666327661823,.1188595504907928,.001968756,2.54657370913252
21,1024,MM,.15169090377571978,.1492678944599754,92749e-9,2.772627254443895
21,1024,EmpBayesX,.14853573565026396,.15004871779857168,.001553759,1.5042265570403253
21,1024,Rescaled,.15416853725500407,.15162264039304651,.001553759,.7521132785201626
21,1024,Rescaled_0.125,.14549884872672347,.1427518793011629,.001553759,12.033812456322602
21,1024,Rescaled_0.25,.14797361084691707,.14546418470346328,.001553759,6.016906228161301
21,1024,Rescaled_1.0,.15348170622323626,.1504919905653663,.001553759,1.5042265570403253
21,1024,Rescaled_2.0,.15416853725500407,.15162264039304651,.001553759,.7521132785201626
21,1024,Rescaled_4.0,.15403770199458788,.15144056251555293,.001553759,.3760566392600813
21,1024,Rescaled_8.0,.15339655521771117,.15123963549866581,.001553759,.18802831963004066
21,1024,ExactStein,.14976329795439752,.14707544006667328,.044999158,5
21,1024,ImpulseStein,.14976329795439752,.14707544006667328,.035881239,5
21,1024,OracleX,.14853573565026396,.15004871779857168,.001562769,1.5042265570403253
21,1024,OracleZ,.1544465479479492,.1516768127643772,.001456609,.8183437945303647
21,1024,Ridge,.15394900896978828,.15123971119581783,.001175988,.8183437945303647
21,2048,NaiveX,.14789831729518257,.14897826476910103,134444e-9,0
21,2048,NaiveZ,.15360197703369236,.15017559704479455,133607e-9,0
21,2048,FullInfo,.1528722680766081,.15306778538495444,133747e-9,0
21,2048,MLE,.127430056626063,.12230297010638237,.003931715,2.419832693047077
21,2048,MM,.15207416138024482,.1484482059269676,229428e-9,2.6189827959819914
21,2048,EmpBayesX,.1484341326382727,.1494598162576372,.007009132,.8359007055260007
21,2048,Rescaled,.15387551006188807,.1505195238902603,.007009132,.41795035276300035
21,2048,Rescaled_0.125,.1456176533552569,.14297658462311272,.007009132,6.687205644208006
21,2048,Rescaled_0.25,.1510356165549398,.14751093693518247,.007009132,3.343602822104003
21,2048,Rescaled_1.0,.1536916616758951,.15011247443274056,.007009132,.8359007055260007
21,2048,Rescaled_2.0,.15387551006188807,.1505195238902603,.007009132,.41795035276300035
21,2048,Rescaled_4.0,.1538956301016252,.15026229385811624,.007009132,.20897517638150018
21,2048,Rescaled_8.0,.15382265523996874,.15023401241640477,.007009132,.10448758819075009
21,2048,ExactStein,.1517330442163528,.1483896655027155,.100169303,2.99
21,2048,ImpulseStein,.15088935291142674,.1474094749775818,.081491997,3.43
21,2048,OracleX,.1484341326382727,.1494598162576372,.005671811,.8359007055260007
21,2048,OracleZ,.15381805127578269,.1505385148258364,.005287334,.36316764152109976
21,2048,Ridge,.15388131197798466,.15051315280219024,.002144826,.36316764152109976
21,4096,NaiveX,.14983902748491096,.1498552899529214,283905e-9,0
21,4096,NaiveZ,.15552926536992318,.15119986366507965,.001131988,0
21,4096,FullInfo,.15345877749742076,.1535228623124099,27713e-8,0
21,4096,MLE,.12795745458022,.12260074332711729,.007578897,2.4464825288445025
21,4096,MM,.1532025637484861,.14917125038394363,370577e-9,2.624005543124152
21,4096,EmpBayesX,.15008949471097882,.15000041302766418,.022703864,.3669271276827072
21,4096,Rescaled,.15552460464406587,.1511472713150241,.022703864,.1834635638413536
21,4096,Rescaled_0.125,.15279804766711427,.14889691990592907,.022703864,2.9354170214616575
21,4096,Rescaled_0.25,.1548325003047049,.15061480815719397,.022703864,1.4677085107308288
21,4096,Rescaled_1.0,.15566325082448387,.15115490497129142,.022703864,.3669271276827072
21,4096,Rescaled_2.0,.15552460464406587,.1511472713150241,.022703864,.1834635638413536
21,4096,Rescaled_4.0,.15547897653081844,.1510595201635345,.022703864,.0917317819206768
21,4096,Rescaled_8.0,.15552909229245926,.15119905965116612,.022703864,.0458658909603384
21,4096,ExactStein,.1521650425562291,.14832146094076942,.210124835,3.46
21,4096,ImpulseStein,.1510726716293835,.14717680470604425,.171229246,4.3
21,4096,OracleX,.14993728308386062,.1500421549337243,.022699674,.8234071150197619
21,4096,OracleZ,.15559432696683773,.15132519653241638,.021011541,.5687658510757306
21,4096,Ridge,.15570662277642006,.15114652058140257,.005010693,.5687658510757306
21,8192,NaiveX,.15203223628446688,.15228925609798566,59826e-8,0
21,8192,NaiveZ,.15804348890806028,.153800398478548,589321e-9,0
21,8192,FullInfo,.1559642812783376,.15588847109062223,590788e-9,0
21,8192,MLE,.12777227786660988,.12274933661969509,.015837,2.4446131961270363
21,8192,MM,.15546060530670536,.15190917185436664,787181e-9,2.6405685305677022
21,8192,EmpBayesX,.1525252134446506,.15244797846833838,.089999993,.38243546036386955
21,8192,Rescaled,.15807790693033807,.15378594290849928,.089999993,.19121773018193478
21,8192,Rescaled_0.125,.15493463679845937,.1513750683920732,.089999993,3.0594836829109564
21,8192,Rescaled_0.25,.15687964413167965,.15305279275512723,.089999993,1.5297418414554782
21,8192,Rescaled_1.0,.15802628246642697,.15377194588241322,.089999993,.38243546036386955
21,8192,Rescaled_2.0,.15807790693033807,.15378594290849928,.089999993,.19121773018193478
21,8192,Rescaled_4.0,.15806399487671624,.15376002542364386,.089999993,.09560886509096739
21,8192,Rescaled_8.0,.15802455148385441,.15379521156971487,.089999993,.047804432545483694
21,8192,ExactStein,.15471120983451853,.15127350067053463,.438416365,3.21
21,8192,ImpulseStein,.15445863520584088,.15104262320722822,.359891925,3.36
21,8192,OracleX,.15249875737234636,.15246510547270203,.088816253,.8894646974296339
21,8192,OracleZ,.15807586374339927,.1538442282189404,.084858417,.2923771428166311
21,8192,Ridge,.1580487816656324,.15379695455269948,.009057367,.2923771428166311
21,16384,NaiveX,.1532926788486258,.15319313518073968,.00125819,0
21,16384,NaiveZ,.15879039924699728,.15461452273390686,.001274533,0
21,16384,FullInfo,.1569336363675906,.15672832077724141,.001260636,0
21,16384,MLE,.12870414380013395,.12369233036366609,.033406063,2.4062864825879204
21,16384,MM,.15628665748390647,.15266629920910554,.001625416,2.6010380381255365
21,16384,EmpBayesX,.1536457516527202,.1533162191065769,.360644115,.38997767828663626
21,16384,Rescaled,.15876772707154446,.15459140050231054,.360644115,.19498883914331813
21,16384,Rescaled_0.125,.1555955323297913,.15203713978525116,.360644115,3.11982142629309
21,16384,Rescaled_0.25,.15763603335093326,.15388741188794947,.360644115,1.559910713146545
21,16384,Rescaled_1.0,.15874470498314597,.15458330552936272,.360644115,.38997767828663626
21,16384,Rescaled_2.0,.15876772707154446,.15459140050231054,.360644115,.19498883914331813
21,16384,Rescaled_4.0,.15876199580969672,.15461920961140233,.360644115,.09749441957165907
21,16384,Rescaled_8.0,.1587732586772373,.15460762014514765,.360644115,.04874720978582953
21,16384,ExactStein,.1555955323297913,.15203713978525116,.912033995,3.12
21,16384,ImpulseStein,.15385871119434294,.1503445528167837,.75470079,4.23
21,16384,OracleX,.1536457516527202,.1533162191065769,.359127373,.38997767828663626
21,16384,OracleZ,.15877475462266805,.1546352407958405,.338694955,.3081070489901303
21,16384,Ridge,.15873643964714607,.15457865176028585,.018071851,.3081070489901303
21,32768,NaiveX,.15286977853971168,.15310605123520715,.002700902,0
21,32768,NaiveZ,.1585316737180617,.1547062738513062,.002694128,0
21,32768,FullInfo,.1565289825878978,.15671394853657386,.002698318,0
21,32768,MLE,.12775549257330682,.12296865186952924,.065389042,2.405513539517343
21,32768,MM,.15584084015267638,.1525757417827741,.003388629,2.5960034078929115
21,32768,EmpBayesX,.15307269506135313,.15320318256231158,1.451659251,.17723838705183567
21,32768,Rescaled,.15855164133661834,.15466385967788665,1.451659251,.08861919352591784
21,32768,Rescaled_0.125,.15743634562080233,.1540645223764509,1.451659251,1.4179070964146854
21,32768,Rescaled_0.25,.1582068511410793,.15457708536284265,1.451659251,.7089535482073427
21,32768,Rescaled_1.0,.15853284003092555,.15468445324720262,1.451659251,.17723838705183567
21,32768,Rescaled_2.0,.15855164133661834,.15466385967788665,1.451659251,.08861919352591784
21,32768,Rescaled_4.0,.15854505411812425,.15468239334965403,1.451659251,.04430959676295892
21,32768,Rescaled_8.0,.1585343723292511,.1546941483050117,1.451659251,.02215479838147946
21,32768,ExactStein,.15576951258559601,.15250092912551347,1.901714946,2.67
21,32768,ImpulseStein,.15265578876578123,.14963771472419385,1.592744999,4.65
21,32768,OracleX,.15306230226734913,.15320839358550103,1.402279089,.15173775743041035
21,32768,OracleZ,.15852687806861035,.15470913078397747,1.371034962,.004025820298562701
21,32768,Ridge,.15843935211639024,.15464381135525176,.03586329,.004025820298562701
21,65536,NaiveX,.15297971391074283,.15285111779048297,.005995176,0
21,65536,NaiveZ,.15865480703403007,.15464464838695607,.006021576,0
21,65536,FullInfo,.15664221575435516,.15658996738751035,.005973455,0
21,65536,MLE,.12806117291010918,.1231334908676152,.126901403,2.398646463632294
21,65536,MM,.15605329288274672,.15257208930649047,.007862942,2.5928919726950665
21,65536,EmpBayesX,.1531578095755507,.1529020919640909,5.495447989,.403664228489445
21,65536,Rescaled,.15865792480294996,.15464870457512397,5.495447989,.2018321142447225
21,65536,Rescaled_0.125,.15516704069005083,.15179089390957073,5.495447989,3.22931382791556
21,65536,Rescaled_0.25,.15736253298771172,.1537821973277685,5.495447989,1.61465691395778
21,65536,Rescaled_1.0,.15855978451826164,.15460312795594394,5.495447989,.403664228489445
21,65536,Rescaled_2.0,.15865792480294996,.15464870457512397,5.495447989,.2018321142447225
21,65536,Rescaled_4.0,.15868068318374534,.15463875184498727,5.495447989,.10091605712236125
21,65536,Rescaled_8.0,.15867757299834728,.15464394234886433,5.495447989,.050458028561180625
21,65536,ExactStein,.15559957398499696,.15219524044291968,4.119959947,2.97
21,65536,ImpulseStein,.15266456581628807,.1495158859851441,3.481184583,4.99
21,65536,OracleX,.15313488529488656,.15291667668448056,5.557773723,.28335104007770323
21,65536,OracleZ,.15865771468491516,.1546608727915896,5.37608749,.20890556825737647
21,65536,Ridge,.15857503774011747,.15462030999811432,.071920947,.20890556825737647
21,131072,NaiveX,.153522580876907,.15351395098067075,.013237717,0
21,131072,NaiveZ,.15924667207622534,.15537624349498433,.013221164,0
21,131072,FullInfo,.15729209297831392,.15728574529705097,.013124015,0
21,131072,MLE,.12810751004350907,.12338972806347223,.258939283,2.3795052777485823
21,131072,MM,.15667710795082962,.15336463879459133,.016338041,2.5802738284922073
21,131072,EmpBayesX,.15369140656438685,.1536120892695319,22.7422256,.35017440694344465
21,131072,Rescaled,.15923788142704187,.15539456069807756,22.7422256,.17508720347172232
21,131072,Rescaled_0.125,.1563935682022463,.1530994997646579,22.7422256,2.801395255547557
21,131072,Rescaled_0.25,.1582664087340837,.1547305317587484,22.7422256,1.4006976277737786
21,131072,Rescaled_1.0,.15914775349397925,.15536488361766293,22.7422256,.35017440694344465
21,131072,Rescaled_2.0,.15923788142704187,.15539456069807756,22.7422256,.17508720347172232
21,131072,Rescaled_4.0,.15923243181746002,.15538551568311937,22.7422256,.08754360173586116
21,131072,Rescaled_8.0,.15924004283180487,.15537990854969078,22.7422256,.04377180086793058
21,131072,ExactStein,.15615198486205006,.15289895434952921,8.787172377,2.98
21,131072,ImpulseStein,.15467696603482617,.1515873826637728,7.516690844,3.96
21,131072,OracleX,.15368370822099695,.15361825267047918,22.576242342,.3422916992746321
21,131072,OracleZ,.1592358851183953,.1554006498804314,22.779816624,.14816715973325426
21,131072,Ridge,.15912636939867209,.1553421365249435,.147546766,.14816715973325426
22,256,NaiveX,.13327130067353604,.13712526055465563,49169e-9,0
22,256,NaiveZ,.1408499844822506,.14077028511192463,21023e-9,0
22,256,FullInfo,.13668354358351933,.14342152227026034,20045e-9,0
22,256,MLE,.12021895136365962,.11683347885599435,581988e-9,2.507838384260759
22,256,MM,.1377723531455617,.13747184801735415,30241e-9,2.708297035214193
22,256,EmpBayesX,.13572384963932527,.13818351570403492,118661e-9,.5292196249768282
22,256,Rescaled,.14094617960996764,.14084307897333254,118661e-9,.2646098124884141
22,256,Rescaled_0.125,.13697997331364825,.1355842394143565,118661e-9,4.233756999814625
22,256,Rescaled_0.25,.13914611368430957,.1378387966827675,118661e-9,2.1168784999073127
22,256,Rescaled_1.0,.1409461796099676,.14084307897333254,118661e-9,.5292196249768282
22,256,Rescaled_2.0,.14094617960996764,.14084307897333254,118661e-9,.2646098124884141
22,256,Rescaled_4.0,.1408499844822506,.14077028511192463,118661e-9,.13230490624420704
22,256,Rescaled_8.0,.1408499844822506,.14077028511192463,118661e-9,.06615245312210352
22,256,ExactStein,.13750054398749217,.13726657871122766,.009667779,3.75
22,256,ImpulseStein,.1377723531455617,.13747184801735415,.008684833,3.24
22,256,OracleX,.13427936621799702,.13868343105632117,120476e-9,1.1616661997545095
22,256,OracleZ,.14094617960996764,.14084307897333254,135911e-9,.26001716419760185
22,256,Ridge,.1409461796099676,.14084307897333254,467378e-9,.26001716419760185
22,512,NaiveX,.1444320060884477,.15024498078580908,33873e-9,0
22,512,NaiveZ,.1522337581188345,.1523629597559866,33663e-9,0
22,512,FullInfo,.1490286351777684,.15459781497808484,49727e-9,0
22,512,MLE,.12094842700618388,.12246894479582993,.00103407,2.341783584557977
22,512,MM,.150265075069572,.15142600950193907,49518e-9,2.558441754120516
22,512,EmpBayesX,.1481815844500993,.1522549252980814,424076e-9,.7545600874279503
22,512,Rescaled,.15196475458633446,.15225627433571448,424076e-9,.37728004371397517
22,512,Rescaled_0.125,.14612528559414562,.14601228191263071,424076e-9,6.036480699423603
22,512,Rescaled_0.25,.14963185196160875,.15008859662461665,424076e-9,3.0182403497118013
22,512,Rescaled_1.0,.15160034209809298,.15255113935729914,424076e-9,.7545600874279503
22,512,Rescaled_2.0,.15196475458633446,.15225627433571448,424076e-9,.37728004371397517
22,512,Rescaled_4.0,.1519344362599965,.15257865410973176,424076e-9,.18864002185698758
22,512,Rescaled_8.0,.15181689932796183,.1528563706259166,424076e-9,.09432001092849379
22,512,ExactStein,.14963185196160875,.15008859662461665,.018876632,3.36
22,512,ImpulseStein,.14963185196160875,.15008859662461665,.01532674,3.25
22,512,OracleX,.14740660592971883,.15231211192987226,436928e-9,.5467317063578379
22,512,OracleZ,.15181689932796183,.1528563706259166,36108e-8,.022035400349095093
22,512,Ridge,.15196475458633446,.15225627433571448,701486e-9,.022035400349095093
22,1024,NaiveX,.148166868069932,.14949657544530232,66349e-9,0
22,1024,NaiveZ,.1564261041652124,.15242638322142632,65861e-9,0
22,1024,FullInfo,.15231191567801808,.15453037063323044,65791e-9,0
22,1024,MLE,.12371276178182036,.12290896916177156,.001950946,2.569334205665596
22,1024,MM,.1535342257173543,.15055714201367776,91631e-9,2.8096378939195565
22,1024,EmpBayesX,.1494673285888901,.15007303497693178,.002594743,.4581812479100155
22,1024,Rescaled,.15597508118698822,.15234668252465888,.002594743,.22909062395500776
22,1024,Rescaled_0.125,.15256936516277908,.14909507014931,.002594743,3.665449983280124
22,1024,Rescaled_0.25,.15489946017783213,.15197988694889258,.002594743,1.832724991640062
22,1024,Rescaled_1.0,.1558656129111616,.15221066476614442,.002594743,.4581812479100155
22,1024,Rescaled_2.0,.15597508118698822,.15234668252465888,.002594743,.22909062395500776
22,1024,Rescaled_4.0,.15625735732569862,.15233060032220358,.002594743,.11454531197750388
22,1024,Rescaled_8.0,.1564261041652124,.15242638322142635,.002594743,.05727265598875194
22,1024,ExactStein,.15224514292060487,.14863215565113908,.045120473,4.13
22,1024,ImpulseStein,.15625735732569862,.15233060032220358,.034999982,.14
22,1024,OracleX,.14914767994596734,.15029753978281232,.001408699,.902671542650021
22,1024,OracleZ,.1560461300837306,.15256420634804296,.001310432,.17532336059940856
22,1024,Ridge,.15601438278428797,.15209207368727906,.001156083,.17532336059940856
22,2048,NaiveX,.14674640422647495,.14829087016475107,13612e-8,0
22,2048,NaiveZ,.155058774402066,.15075000533421773,132978e-9,0
22,2048,FullInfo,.15108368471638656,.15306778538495444,132629e-9,0
22,2048,MLE,.12599113353835542,.12246339600508227,.004795652,2.4286233070504926
22,2048,MM,.15215709158806345,.1482345766739827,183613e-9,2.6226396132725047
22,2048,EmpBayesX,.147259572342838,.14884162418785793,.005658052,.33124824624009586
22,2048,Rescaled,.1547944903265917,.1507838715415017,.005658052,.16562412312004793
22,2048,Rescaled_0.125,.1521570915880635,.1482345766739827,.005658052,2.649985969920767
22,2048,Rescaled_0.25,.15378683589764425,.14951382889161674,.005658052,1.3249929849603834
22,2048,Rescaled_1.0,.15468424226863062,.15043500280349392,.005658052,.33124824624009586
22,2048,Rescaled_2.0,.1547944903265917,.1507838715415017,.005658052,.16562412312004793
22,2048,Rescaled_4.0,.15482896805892907,.15079862307787495,.005658052,.08281206156002396
22,2048,Rescaled_8.0,.1549493646996706,.15075830785324387,.005658052,.04140603078001198
22,2048,ExactStein,.15061228679985234,.14679481981770184,.133178039,4.08
22,2048,ImpulseStein,.15061228679985234,.14679481981770184,.080472035,4.02
22,2048,OracleX,.14722390347045095,.14884890135953815,.005639544,.28876313681793303
22,2048,OracleZ,.15468887670560771,.15090067455442138,.006588198,.17532336059940856
22,2048,Ridge,.15468424226863062,.15043500280349392,.002122406,.17532336059940856
22,4096,NaiveX,.1485035229575024,.14929176211163742,280064e-9,0
22,4096,NaiveZ,.15556324225291387,.15126096260360272,282508e-9,0
22,4096,FullInfo,.15222954567102046,.1535228623124099,276292e-9,0
22,4096,MLE,.12726002104779308,.12290988045929738,.008311462,2.4534573613925654
22,4096,MM,.15273693492167942,.14869287673312281,368552e-9,2.626803545794827
22,4096,EmpBayesX,.149175369226281,.1495445073088723,.021439947,.7482445405752542
22,4096,Rescaled,.15531004869897597,.15129990585849695,.021439947,.3741222702876271
22,4096,Rescaled_0.125,.14804919034160857,.14507750527337604,.021439947,5.985956324602034
22,4096,Rescaled_0.25,.15205863064045258,.1481251241930701,.021439947,2.992978162301017
22,4096,Rescaled_1.0,.15503679386042585,.15093974380491781,.021439947,.7482445405752542
22,4096,Rescaled_2.0,.15531004869897597,.15129990585849695,.021439947,.3741222702876271
22,4096,Rescaled_4.0,.15540570281645338,.1513765468682643,.021439947,.18706113514381356
22,4096,Rescaled_8.0,.15552085670529575,.1513868836967161,.021439947,.09353056757190678
22,4096,ExactStein,.15035664266155813,.14692192606856597,.209548993,4.59
22,4096,ImpulseStein,.15025927680557127,.14675332017551052,.170586287,4.84
22,4096,OracleX,.14886859745368575,.14967853585617547,.022202545,.4195649674562567
22,4096,OracleZ,.15542307987366596,.15143181549413254,.020889737,.1486548695123766
22,4096,Ridge,.15536964161170852,.1513322165583333,.004823099,.1486548695123766
22,8192,NaiveX,.15225657339711057,.15219490690928056,594908e-9,0
22,8192,NaiveZ,.15851942313226827,.15373532371432075,591346e-9,0
22,8192,FullInfo,.15529399129652938,.15588847109062223,592673e-9,0
22,8192,MLE,.12801026291745146,.12363546220216705,.015723926,2.441292713057176
22,8192,MM,.15572939715625894,.15161147749768045,.001371753,2.6245421930511683
22,8192,EmpBayesX,.1523879789840696,.1523344855059562,.085790519,.14748557583961877
22,8192,Rescaled,.1585424504159532,.15381068617448335,.085790519,.07374278791980939
22,8192,Rescaled_0.125,.15759226532779708,.15327471825027378,.085790519,1.1798846067169502
22,8192,Rescaled_0.25,.1582540043027606,.15363749666803383,.085790519,.5899423033584751
22,8192,Rescaled_1.0,.15846080464196785,.15384450752191806,.085790519,.14748557583961877
22,8192,Rescaled_2.0,.1585424504159532,.15381068617448335,.085790519,.07374278791980939
22,8192,Rescaled_4.0,.15852891779924588,.15381309946926414,.085790519,.03687139395990469
22,8192,Rescaled_8.0,.1585082006494861,.15376032085105065,.085790519,.018435696979952346
22,8192,ExactStein,.15285417428103568,.14957686570520834,.436108461,4.61
22,8192,ImpulseStein,.15222080403094423,.1488717922585869,.35831463,5
22,8192,OracleX,.1523879789840696,.1523344855059562,.085588677,.14748557583961877
22,8192,OracleZ,.15844012891775433,.15386422242353973,.087114151,.21817401547307874
22,8192,Ridge,.1583600070375708,.1538030705122259,.009502745,.21817401547307874
22,16384,NaiveX,.15313167189941063,.15329770699716505,.001259378,0
22,16384,NaiveZ,.15885230592659644,.1548835681979837,.00126294,0
22,16384,FullInfo,.15615925406785877,.15672832077724141,.001260845,0
22,16384,MLE,.12821432686070272,.12380412030898905,.031494089,2.401583767560151
22,16384,MM,.15603311164479014,.15258350367488918,.001621854,2.587812461396432
22,16384,EmpBayesX,.1531627679430079,.1533194478057925,.347991948,.008051553950327667
22,16384,Rescaled,.1588585301464974,.1548861956321113,.347991948,.004025776975163833
22,16384,Rescaled_0.125,.15887928947056126,.15487695581834524,.347991948,.06441243160262133
22,16384,Rescaled_0.25,.158871391217834,.15489014993047112,.347991948,.03220621580131067
22,16384,Rescaled_1.0,.15886628930435237,.15489119222653303,.347991948,.008051553950327667
22,16384,Rescaled_2.0,.1588585301464974,.1548861956321113,.347991948,.004025776975163833
22,16384,Rescaled_4.0,.15885853014649737,.1548861956321113,.347991948,.0020128884875819167
22,16384,Rescaled_8.0,.15885853014649737,.1548861956321113,.347991948,.0010064442437909583
22,16384,ExactStein,.15348600091020576,.15062964967584266,.90836216,4.34
22,16384,ImpulseStein,.15344038191810735,.15060613452799282,.752885894,4.36
22,16384,OracleX,.15312734845461382,.15337658399583692,.349140697,.1306323045376591
22,16384,OracleZ,.15879432427853324,.1549064383178037,.356254381,.2837857504224192
22,16384,Ridge,.1587105562451935,.15481025226498324,.018090638,.2837857504224192
22,32768,NaiveX,.1522154847561929,.1529682386814661,.002710051,0
22,32768,NaiveZ,.15824770814681377,.1546967989732603,.002683581,0
22,32768,FullInfo,.15590862490220825,.15671394853657386,.00329141,0
22,32768,MLE,.12704027577241223,.12302677596382347,.06313673,2.4063394231050688
22,32768,MM,.15554087328226945,.1526061237267184,.003375499,2.597970736437953
22,32768,EmpBayesX,.15228698212994204,.1529998221556907,1.40281107,.2684536610904171
22,32768,Rescaled,.15821373306603181,.154753358239398,1.40281107,.13422683054520854
22,32768,Rescaled_0.125,.15617892582049583,.15308775067760047,1.40281107,2.1476292887233366
22,32768,Rescaled_0.25,.15758383939260773,.15430935230363604,1.40281107,1.0738146443616683
22,32768,Rescaled_1.0,.15819231259947863,.15474657585680388,1.40281107,.2684536610904171
22,32768,Rescaled_2.0,.15821373306603181,.154753358239398,1.40281107,.13422683054520854
22,32768,Rescaled_4.0,.1582420480991763,.15472554939351518,1.40281107,.06711341527260427
22,32768,Rescaled_8.0,.15823424561749433,.15471127058985507,1.40281107,.033556707636302134
22,32768,ExactStein,.15542868813487892,.15249774598255567,1.903672248,2.7
22,32768,ImpulseStein,.15235550443014723,.14979269517848826,1.592835444,4.64
22,32768,OracleX,.15228698212994204,.1529998221556907,1.400271711,.2684536610904171
22,32768,OracleZ,.15821962113759475,.1547728594891385,1.419803245,.21448256569400695
22,32768,Ridge,.15812863786296857,.1547340234966612,.03585875,.21448256569400695
22,65536,NaiveX,.15254297532171784,.15285799651738097,.006040643,0
22,65536,NaiveZ,.15838861605199514,.15462909448309836,.005970312,0
22,65536,FullInfo,.15619808970594434,.15658996738751035,.005959626,0
22,65536,MLE,.1274619952309245,.12290081195302838,.15823744,2.399935971712938
22,65536,MM,.155739546625406,.15257014055386492,.007869018,2.5974624251679317
22,65536,EmpBayesX,.1526329009627803,.15292119422293943,5.5871299,.387636242471854
22,65536,Rescaled,.1583419564654498,.15465554032536166,5.5871299,.193818121235927
22,65536,Rescaled_0.125,.15487294380848193,.1518153312182033,5.5871299,3.101089939774832
22,65536,Rescaled_0.25,.15714889606432675,.15374513089449415,5.5871299,1.550544969887416
22,65536,Rescaled_1.0,.1582476379433918,.1546153745484562,5.5871299,.387636242471854
22,65536,Rescaled_2.0,.1583419564654498,.15465554032536166,5.5871299,.193818121235927
22,65536,Rescaled_4.0,.15835356113278692,.15462963759390055,5.5871299,.0969090606179635
22,65536,Rescaled_8.0,.15839855419318574,.15463326024696974,5.5871299,.04845453030898175
22,65536,ExactStein,.15553591032838984,.1523811748007129,4.123005376,2.76
22,65536,ImpulseStein,.15221251264168423,.14939588981433455,3.486734801,5
22,65536,OracleX,.1526059206562267,.15294663464225794,5.571997948,.2764070409465998
22,65536,OracleZ,.15832902077066482,.15467232856282495,5.42933637,.25594487038790226
22,65536,Ridge,.1582392739575364,.15459896772055262,.072132636,.25594487038790226
22,131072,NaiveX,.1533307233392881,.15358793917290003,.013160612,0
22,131072,NaiveZ,.15911698406350513,.15534712605281847,.013202517,0
22,131072,FullInfo,.15698319135283997,.15728574529705097,.013106066,0
22,131072,MLE,.12803880379433275,.12330875626256682,.292063677,2.3799623785715145
22,131072,MM,.15657238757128972,.15335439314838573,.016384067,2.5828873609229586
22,131072,EmpBayesX,.15338275023751136,.15366156508363935,22.35005918,.3300826151378664
22,131072,Rescaled,.15909880568973725,.15537782776182535,22.35005918,.1650413075689332
22,131072,Rescaled_0.125,.15649519793125893,.15329181055134994,22.35005918,2.6406609211029313
22,131072,Rescaled_0.25,.1581809708369722,.15474733660949783,22.35005918,1.3203304605514656
22,131072,Rescaled_1.0,.15904151819479193,.1553535176669374,22.35005918,.3300826151378664
22,131072,Rescaled_2.0,.15909880568973725,.15537782776182535,22.35005918,.1650413075689332
22,131072,Rescaled_4.0,.15910581710450872,.1553613203548525,22.35005918,.0825206537844666
22,131072,Rescaled_8.0,.1591173981527083,.15534348482654503,22.35005918,.0412603268922333
22,131072,ExactStein,.15688745172643775,.1536270246889121,8.87576849,2.37
22,131072,ImpulseStein,.15319804049655117,.15032862807338326,7.58909237,4.83
22,131072,OracleX,.15337277781947684,.153668735817791,22.711305118,.28985518582144265
22,131072,OracleZ,.15909071072629444,.1553980653865038,22.625053507,.23389439117220737
22,131072,Ridge,.15899195494334803,.155317877762031,.147688404,.23389439117220737
23,256,NaiveX,.13123338079662533,.14077073698603237,52032e-9,0
23,256,NaiveZ,.1402750972877392,.13964314820490542,21511e-9,0
23,256,FullInfo,.13507850119621462,.14342152227026034,19765e-9,0
23,256,MLE,.11481866161871725,.11349067692565287,579682e-9,2.530039731318672
23,256,MM,.13944140149562373,.13953710060296926,30311e-9,2.752877505424609
23,256,EmpBayesX,.13123338079662533,.14077073698603237,152603e-9,0
23,256,Rescaled,.1402750972877392,.13964314820490542,152603e-9,0
23,256,Rescaled_0.125,.1402750972877392,.13964314820490542,152603e-9,0
23,256,Rescaled_0.25,.1402750972877392,.13964314820490542,152603e-9,0
23,256,Rescaled_1.0,.1402750972877392,.13964314820490542,152603e-9,0
23,256,Rescaled_2.0,.1402750972877392,.13964314820490542,152603e-9,0
23,256,Rescaled_4.0,.1402750972877392,.13964314820490542,152603e-9,0
23,256,Rescaled_8.0,.1402750972877392,.13964314820490542,152603e-9,0
23,256,ExactStein,.13884938416402626,.1391197605125244,.011213926,3.31
23,256,ImpulseStein,.13770011814118116,.13883754407373472,.007019887,4.21
23,256,OracleX,.13123338079662533,.14077073698603237,153231e-9,0
23,256,OracleZ,.141238453217911,.14040543979194542,139124e-9,.583690434430664
23,256,Ridge,.14139096227651993,.1403433613430205,45327e-8,.583690434430664
23,512,NaiveX,.14563187804123384,.1511555822879162,34921e-9,0
23,512,NaiveZ,.15509881216371824,.15209521813492585,33594e-9,0
23,512,FullInfo,.1523250527010902,.15459781497808484,33524e-9,0
23,512,MLE,.12048360895419688,.12023275331520243,.001047479,2.2994379300630032
23,512,MM,.15311179560004434,.15120275582480006,48819e-9,2.484899120802893
23,512,EmpBayesX,.14816775749983466,.15129631649389585,408991e-9,.7218646519413341
23,512,Rescaled,.15515061055987972,.1521112093238695,408991e-9,.36093232597066705
23,512,Rescaled_0.125,.14682302955752513,.14598308514765465,408991e-9,5.774917215530673
23,512,Rescaled_0.25,.15226060774848935,.1509614577249398,408991e-9,2.8874586077653364
23,512,Rescaled_1.0,.15501394668419355,.15245711165085551,408991e-9,.7218646519413341
23,512,Rescaled_2.0,.15515061055987972,.1521112093238695,408991e-9,.36093232597066705
23,512,Rescaled_4.0,.15515061055987975,.1521112093238695,408991e-9,.18046616298533352
23,512,Rescaled_8.0,.15515061055987975,.1521112093238695,408991e-9,.09023308149266676
23,512,ExactStein,.15226060774848935,.1509614577249398,.02073043,3.4
23,512,ImpulseStein,.15311179560004434,.15120275582480006,.015440092,2.54
23,512,OracleX,.14816775749983466,.15129631649389585,413391e-9,.7218646519413341
23,512,OracleZ,.1542946028715399,.1528164314941044,377561e-9,1.050877373967511
23,512,Ridge,.15515061055987972,.1521112093238695,712451e-9,1.050877373967511
23,1024,NaiveX,.14937773663713175,.15113202785188168,6593e-8,0
23,1024,NaiveZ,.15668846246161877,.15228227984685527,65162e-9,0
23,1024,FullInfo,.1547757610311911,.15453037063323044,6586e-8,0
23,1024,MLE,.12392350933759037,.11984769173951565,.001925594,2.507567245648915
23,1024,MM,.15502220870296313,.15099721375008499,92819e-9,2.7010120672592137
23,1024,EmpBayesX,.1508052837154486,.1512797021707426,.001449416,.8792286431691609
23,1024,Rescaled,.15708944553253754,.15263430210240547,.001449416,.43961432158458047
23,1024,Rescaled_0.125,.15017357314472154,.1471000678934787,.001449416,7.0338291453532875
23,1024,Rescaled_0.25,.15431866314974343,.15077106733995846,.001449416,3.5169145726766438
23,1024,Rescaled_1.0,.1570182877047394,.15244800561525076,.001449416,.8792286431691609
23,1024,Rescaled_2.0,.15708944553253754,.15263430210240547,.001449416,.43961432158458047
23,1024,Rescaled_4.0,.15725602359474664,.15260183340908245,.001449416,.21980716079229023
23,1024,Rescaled_8.0,.15726949714416244,.1525934055365145,.001449416,.10990358039614512
23,1024,ExactStein,.15430514665325568,.15074982779357227,.045291374,3.6
23,1024,ImpulseStein,.15453575310403664,.15075285630900404,.036460223,2.98
23,1024,OracleX,.15070029655673506,.15130377361898148,.001440127,.4840343483482206
23,1024,OracleZ,.15715842120011517,.15268315078763972,.001474559,.31335803809230695
23,1024,Ridge,.1571956626033535,.1526423980595365,.001167397,.31335803809230695
23,2048,NaiveX,.14675276205452176,.14911007780323066,135282e-9,0
23,2048,NaiveZ,.1543427209140988,.15102664710473868,132e-6,0
23,2048,FullInfo,.15187207452173113,.15306778538495444,149041e-9,0
23,2048,MLE,.12422864518171853,.12199164461076065,.003856077,2.397180259885276
23,2048,MM,.15093847175654468,.14855719277115165,182635e-9,2.5859488696405313
23,2048,EmpBayesX,.14796372545467718,.14964430035676585,.005367442,.505408849565262
23,2048,Rescaled,.1543642390189947,.15113014192709318,.005367442,.252704424782631
23,2048,Rescaled_0.125,.14881087970113338,.14694786290526834,.005367442,4.043270796522096
23,2048,Rescaled_0.25,.15253081536023633,.1501092543046228,.005367442,2.021635398261048
23,2048,Rescaled_1.0,.15403640633472487,.15108854077154968,.005367442,.505408849565262
23,2048,Rescaled_2.0,.1543642390189947,.15113014192709318,.005367442,.252704424782631
23,2048,Rescaled_4.0,.154551794481955,.15110271704648137,.005367442,.1263522123913155
23,2048,Rescaled_8.0,.15455706439619749,.15109919200919664,.005367442,.06317610619565775
23,2048,ExactStein,.150143582009673,.14805171638425202,.100092197,3.34
23,2048,ImpulseStein,.1528406389564782,.1502214237591606,.081366841,1.77
23,2048,OracleX,.14796372545467718,.14964430035676585,.005374636,.505408849565262
23,2048,OracleZ,.15413373869875632,.151179303783463,.005535271,.30877320929871654
23,2048,Ridge,.15407515771066727,.15107990697095866,.002140007,.30877320929871654
23,4096,NaiveX,.14896336789373132,.15012204619971425,281879e-9,0
23,4096,NaiveZ,.1551615142756445,.1516855121212909,293123e-9,0
23,4096,FullInfo,.15238988225466227,.1535228623124099,277339e-9,0
23,4096,MLE,.12599881998337384,.1231928401704033,.008476566,2.4500555692844377
23,4096,MM,.1527229757595595,.14949350199794098,372464e-9,2.636178782106132
23,4096,EmpBayesX,.14930767983655518,.15020749341240433,.02246403,.5423238116731031
23,4096,Rescaled,.1552776484323107,.1515812119580676,.02246403,.27116190583655153
23,4096,Rescaled_0.125,.15041844731049286,.1474876029072245,.02246403,4.3385904933848245
23,4096,Rescaled_0.25,.15342984884993366,.15017814256961323,.02246403,2.1692952466924122
23,4096,Rescaled_1.0,.15517017705128358,.151411788758195,.02246403,.5423238116731031
23,4096,Rescaled_2.0,.1552776484323107,.1515812119580676,.02246403,.27116190583655153
23,4096,Rescaled_4.0,.15520266591514503,.1515639680990517,.02246403,.13558095291827577
23,4096,Rescaled_8.0,.15513423562980422,.15165208488070164,.02246403,.06779047645913788
23,4096,ExactStein,.15087356873425908,.1478378564223346,.210617705,4.07
23,4096,ImpulseStein,.1533861434318963,.15017964432478345,.17148745,2.18
23,4096,OracleX,.14928930984334582,.15022509461068306,.022491757,.5593946974623801
23,4096,OracleZ,.1551615142756445,.1516855121212909,.022697788,0
23,4096,Ridge,.15536510059221956,.15150155463425358,.004991836,0
23,8192,NaiveX,.1520364078763802,.1522493456493451,606153e-9,0
23,8192,NaiveZ,.15864166907789898,.15404745377183976,591486e-9,0
23,8192,FullInfo,.15632081714950047,.15588847109062223,591276e-9,0
23,8192,MLE,.1270108427470599,.12364237703920053,.015858231,2.451874383737897
23,8192,MM,.15560009859803506,.1520418674172467,766648e-9,2.6510747740333165
23,8192,EmpBayesX,.15242986914357987,.15229562208921893,.089086818,.840173286244628
23,8192,Rescaled,.15864239836303773,.1541333404107529,.089086818,.420086643122314
23,8192,Rescaled_0.125,.14934683393205758,.1462625137938099,.089086818,6.721386289957024
23,8192,Rescaled_0.25,.15465250895247135,.15122978777533908,.089086818,3.360693144978512
23,8192,Rescaled_1.0,.1583437468018479,.15380589718082022,.089086818,.840173286244628
23,8192,Rescaled_2.0,.15864239836303773,.1541333404107529,.089086818,.420086643122314
23,8192,Rescaled_4.0,.15866699431669878,.15419165629371126,.089086818,.210043321561157
23,8192,Rescaled_8.0,.15861985245435845,.15413846072265375,.089086818,.1050216607805785
23,8192,ExactStein,.15462497111663587,.15121798417133775,.443292894,3.39
23,8192,ImpulseStein,.15641486317034384,.15261995992931685,.358178788,2.26
23,8192,OracleX,.15217194776036985,.15234717575540918,.088779516,.07951620578496042
23,8192,OracleZ,.1586826499286712,.1542086537263962,.0869693,.3081732644011281
23,8192,Ridge,.15864239836303773,.1541333404107529,.009054573,.3081732644011281
23,16384,NaiveX,.15349720751881696,.1531557848567464,.001258121,0
23,16384,NaiveZ,.15990837500996402,.15497705687734367,.001250718,0
23,16384,FullInfo,.1576147761851019,.15672832077724141,.001279143,0
23,16384,MLE,.1286163110735362,.12379907360313953,.032475009,2.4141227592639978
23,16384,MM,.1570122392636404,.15293214985107798,.001603137,2.6101429660386133
23,16384,EmpBayesX,.15389413182336842,.15329599289854418,.357521303,.8051091772026523
23,16384,Rescaled,.1598518760924989,.1549922568868899,.357521303,.40255458860132615
23,16384,Rescaled_0.125,.15129105517876337,.1475408698080734,.357521303,6.440873417621218
23,16384,Rescaled_0.25,.15603722702619616,.15203194064962725,.357521303,3.220436708810609
23,16384,Rescaled_1.0,.15952213931063491,.15477984560151295,.357521303,.8051091772026523
23,16384,Rescaled_2.0,.1598518760924989,.1549922568868899,.357521303,.40255458860132615
23,16384,Rescaled_4.0,.15994284025457217,.15503822105867243,.357521303,.20127729430066307
23,16384,Rescaled_8.0,.15995945932372438,.15504884486087173,.357521303,.10063864715033154
23,16384,ExactStein,.15749306996306958,.15336648402010392,.909635646,2.35
23,16384,ImpulseStein,.15852404741952703,.15421601697142334,.749576884,1.56
23,16384,OracleX,.1537299623824421,.1533210279854899,.361037951,.5926299733772172
23,16384,OracleZ,.15996587467364035,.15505998945976257,.357044146,.13199656720682704
23,16384,Ridge,.1598579197281418,.1549967992129621,.018055578,.13199656720682704
23,32768,NaiveX,.15318649443422863,.15318962874977193,.002704743,0
23,32768,NaiveZ,.15946586818373643,.15495775690495683,.002731702,0
23,32768,FullInfo,.15705625257684724,.15671394853657386,.002686794,0
23,32768,MLE,.12827655054215958,.1233230418810959,.065871505,2.4095129265477397
23,32768,MM,.15652013788865393,.15283331753214557,.003395194,2.599975507132399
23,32768,EmpBayesX,.1533183095991747,.15328988517848202,1.451731048,.5629208567892412
23,32768,Rescaled,.1593445780368885,.15500311517854123,1.451731048,.2814604283946206
23,32768,Rescaled_0.125,.15362025123784362,.15019479817093387,1.451731048,4.50336685431393
23,32768,Rescaled_0.25,.15699239901623152,.1532561687984228,1.451731048,2.251683427156965
23,32768,Rescaled_1.0,.15917047126052208,.15491488028571884,1.451731048,.5629208567892412
23,32768,Rescaled_2.0,.1593445780368885,.15500311517854123,1.451731048,.2814604283946206
23,32768,Rescaled_4.0,.15943779625905266,.1550157202465906,1.451731048,.1407302141973103
23,32768,Rescaled_8.0,.15944063933229896,.154993790973259,1.451731048,.07036510709865515
23,32768,ExactStein,.15607805025682298,.15245977894082774,1.905641492,2.91
23,32768,ImpulseStein,.15370913062666275,.15028148620079285,1.589947297,4.43
23,32768,OracleX,.15319825763916883,.1532909121597313,1.400724492,.2198046668395753
23,32768,OracleZ,.1594202538113181,.15503196645379963,1.441289915,.20371766635617916
23,32768,Ridge,.15924865743710326,.15495640538014932,.035784788,.20371766635617916
23,65536,NaiveX,.15303612818671175,.15293729810508405,.006012426,0
23,65536,NaiveZ,.1589432111054833,.15471818368002735,.006026884,0
23,65536,FullInfo,.1567430715882806,.15658996738751035,.005977296,0
23,65536,MLE,.12806437388255906,.12317984891179222,.127367104,2.4069776882456138
23,65536,MM,.15612087599081614,.1526060899332651,.00785903,2.605142182389155
23,65536,EmpBayesX,.1530546230843808,.15295109404981058,5.467995616,.019052692614552016
23,65536,Rescaled,.15894891150748722,.1547193431213672,5.467995616,.009526346307276008
23,65536,Rescaled_0.125,.15890966812255736,.15476849188648717,5.467995616,.15242154091641613
23,65536,Rescaled_0.25,.15893681856828007,.15475802164754365,5.467995616,.07621077045820807
23,65536,Rescaled_1.0,.15894847746089236,.15472312380340913,5.467995616,.019052692614552016
23,65536,Rescaled_2.0,.15894891150748722,.1547193431213672,5.467995616,.009526346307276008
23,65536,Rescaled_4.0,.15894389383014304,.15471963925069618,5.467995616,.004763173153638004
23,65536,Rescaled_8.0,.15894400757290394,.15471993350727137,5.467995616,.002381586576819002
23,65536,ExactStein,.15517238194836291,.15181641664403067,4.111035489,3.29
23,65536,ImpulseStein,.15499328550263847,.15164419957958633,3.481773765,3.38
23,65536,OracleX,.15300650355232426,.15302033572586737,5.470571781,.2521283241711715
23,65536,OracleZ,.15890964762071003,.15477011118835712,5.519673068,.14754718301854064
23,65536,Ridge,.1587879618522328,.15472203189436934,.071578865,.14754718301854064
23,131072,NaiveX,.15374104376183234,.1535319185410775,.013188409,0
23,131072,NaiveZ,.15964594927213693,.15533563496228675,.013719482,0
23,131072,FullInfo,.1574846193220879,.15728574529705097,.013084835,0
23,131072,MLE,.12849100410352302,.12336172506792109,.25863687,2.3825244560942918
23,131072,MM,.15695554224141184,.1533369610123796,.016374917,2.584615678468198
23,131072,EmpBayesX,.1538155590494961,.15359596406423004,22.916644289,.6523819095240516
23,131072,Rescaled,.15954022258528217,.15537250941880693,22.916644289,.3261909547620258
23,131072,Rescaled_0.125,.1531578163844985,.14994613711568217,22.916644289,5.219055276192413
23,131072,Rescaled_0.25,.15693471959751137,.15332058978866803,22.916644289,2.6095276380962065
23,131072,Rescaled_1.0,.15931212407622197,.15523040284409967,22.916644289,.6523819095240516
23,131072,Rescaled_2.0,.15954022258528217,.15537250941880693,22.916644289,.3261909547620258
23,131072,Rescaled_4.0,.1596040933400642,.1553932683864373,22.916644289,.1630954773810129
23,131072,Rescaled_8.0,.15963284758515167,.15537404476343655,22.916644289,.08154773869050645
23,131072,ExactStein,.15601319806727887,.1525555273348172,8.918975661,3.26
23,131072,ImpulseStein,.1555468902814377,.15212633414882393,7.523936668,3.58
23,131072,OracleX,.1537946265103038,.15363338458826892,22.741720648,.26961237709558183
23,131072,OracleZ,.15957483034234235,.1554091124721142,22.661436626,.24065957846756272
23,131072,Ridge,.15950324309922662,.15536053877488276,.146534626,.24065957846756272
24,256,NaiveX,.1471677070120627,.14113332093442532,47841e-9,0
24,256,NaiveZ,.15379785760315845,.14173590648498696,21441e-9,0
24,256,FullInfo,.1487868126558427,.14342152227026034,19346e-9,0
24,256,MLE,.1337914334830336,.11916751903856755,583943e-9,2.4419278652442555
24,256,MM,.15104345359986182,.14084204512916793,30591e-9,2.6246107937349707
24,256,EmpBayesX,.14818225324214346,.14145973733469763,12327e-8,.356748113578548
24,256,Rescaled,.15233373691065055,.14133998231329037,12327e-8,.178374056789274
24,256,Rescaled_0.125,.14993241640438376,.14024915288795736,12327e-8,2.853984908628384
24,256,Rescaled_0.25,.15230777144550856,.14051907663407764,12327e-8,1.426992454314192
24,256,Rescaled_1.0,.15233373691065055,.14133998231329037,12327e-8,.356748113578548
24,256,Rescaled_2.0,.15233373691065055,.14133998231329037,12327e-8,.178374056789274
24,256,Rescaled_4.0,.15379785760315845,.14173590648498696,12327e-8,.089187028394637
24,256,Rescaled_8.0,.15379785760315845,.14173590648498696,12327e-8,.0445935141973185
24,256,ExactStein,.15104345359986182,.14084204512916793,.00948717,2.66
24,256,ImpulseStein,.14993241640438376,.14024915288795733,.006992789,3.14
24,256,OracleX,.14818225324214346,.14145973733469763,129765e-9,.356748113578548
24,256,OracleZ,.15379785760315845,.14173590648498696,141918e-9,0
24,256,Ridge,0,0,70819e-9,0
24,512,NaiveX,.1609862317273379,.15287724807221653,35689e-9,0
24,512,NaiveZ,.16404009365464128,.1526735450174868,33803e-9,0
24,512,FullInfo,.16103299713114572,.15459781497808484,33804e-9,0
24,512,MLE,.1320038591488459,.12040450222991358,.001032534,2.2930021297337824
24,512,MM,.16111426999804718,.1511571873549848,50845e-9,2.470355326206862
24,512,EmpBayesX,.1609862317273379,.15287724807221653,304368e-9,0
24,512,Rescaled,.16404009365464128,.1526735450174868,304368e-9,0
24,512,Rescaled_0.125,.16404009365464128,.1526735450174868,304368e-9,0
24,512,Rescaled_0.25,.16404009365464128,.1526735450174868,304368e-9,0
24,512,Rescaled_1.0,.16404009365464128,.1526735450174868,304368e-9,0
24,512,Rescaled_2.0,.16404009365464128,.1526735450174868,304368e-9,0
24,512,Rescaled_4.0,.16404009365464128,.1526735450174868,304368e-9,0
24,512,Rescaled_8.0,.16404009365464128,.1526735450174868,304368e-9,0
24,512,ExactStein,.16248209948390754,.1525263469343981,.020741045,1.35
24,512,ImpulseStein,.16164472167918081,.15232220996612672,.015393508,1.64
24,512,OracleX,.16065331325687104,.15327850377147434,319175e-9,.4308632095876283
24,512,OracleZ,.16313523636717153,.1527141362139072,351581e-9,.272940588096189
24,512,Ridge,.16347581445967332,.15268751879056164,717828e-9,.272940588096189
24,1024,NaiveX,.15078842271178935,.15069701755244708,67118e-9,0
24,1024,NaiveZ,.15904559156475678,.1526197354945327,6621e-8,0
24,1024,FullInfo,.15526469947220983,.15453037063323044,65511e-9,0
24,1024,MLE,.12733379893931995,.11867865700133001,.001958629,2.574546701872385
24,1024,MM,.1552128406781071,.1507142662034332,92051e-9,2.8156235359981334
24,1024,EmpBayesX,.15153415225290262,.15135220111012768,.001337251,.18545379280616286
24,1024,Rescaled,.15899565940423208,.15252079577501232,.001337251,.09272689640308143
24,1024,Rescaled_0.125,.15675604483259947,.15196010217159622,.001337251,1.483630342449303
24,1024,Rescaled_0.25,.15826692709931195,.15242945542496794,.001337251,.7418151712246515
24,1024,Rescaled_1.0,.15898209141207897,.15253168617914042,.001337251,.18545379280616286
24,1024,Rescaled_2.0,.15899565940423208,.15252079577501232,.001337251,.09272689640308143
24,1024,Rescaled_4.0,.15899565940423205,.15252079577501232,.001337251,.046363448201540716
24,1024,Rescaled_8.0,.15915689141832667,.15254683659536655,.001337251,.023181724100770358
24,1024,ExactStein,.1552128406781071,.1507142662034332,.046795127,3.02
24,1024,ImpulseStein,.15558148430051907,.15180786436757698,.034823632,2.17
24,1024,OracleX,.15141820199659717,.15147484071438583,.001347867,.67052819461843
24,1024,OracleZ,.15904559156475678,.1526197354945327,.001448997,0
24,1024,Ridge,.15896359365267837,.1525433653493113,.001165582,0
24,2048,NaiveX,.14991719267427855,.14935870818787894,131232e-9,0
24,2048,NaiveZ,.1568653612340133,.15120160244004016,142337e-9,0
24,2048,FullInfo,.15383989746688082,.15306778538495444,133955e-9,0
24,2048,MLE,.12973147510566196,.12173187616886848,.003799784,2.436900095219355
24,2048,MM,.1533790237716831,.1495572238933131,183543e-9,2.6444760026283656
24,2048,EmpBayesX,.1499358197739855,.14937153732965114,.00642903,.01891207957094781
24,2048,Rescaled,.15686657003211174,.15121827532066456,.00642903,.009456039785473906
24,2048,Rescaled_0.125,.15679939640919874,.15129143739355633,.00642903,.1512966365675825
24,2048,Rescaled_0.25,.15689440115388034,.15126633714527635,.00642903,.07564831828379125
24,2048,Rescaled_1.0,.15686657003211174,.15121827532066456,.00642903,.01891207957094781
24,2048,Rescaled_2.0,.15686657003211174,.15121827532066456,.00642903,.009456039785473906
24,2048,Rescaled_4.0,.15686657003211174,.15121827532066456,.00642903,.004728019892736953
24,2048,Rescaled_8.0,.1568653612340133,.15120160244004016,.00642903,.0023640099463684765
24,2048,ExactStein,.15178241124075814,.14822610996078345,.106956129,3.77
24,2048,ImpulseStein,.15423182255222562,.15054576187642912,.10955632,2.07
24,2048,OracleX,.14918928851853341,.14948040976083782,.005499372,.9230504611048629
24,2048,OracleZ,.15609228895558525,.15139689001100787,.005928617,.670214028762949
24,2048,Ridge,.1563959818835693,.15127797128734144,.002886121,.670214028762949
24,4096,NaiveX,.148888918595352,.14974062572216437,278737e-9,0
24,4096,NaiveZ,.15510447715611664,.15163034852987323,280902e-9,0
24,4096,FullInfo,.15239214399241136,.1535228623124099,27734e-8,0
24,4096,MLE,.1276298372334224,.12313843354067933,.007647481,2.4689995653354395
24,4096,MM,.15204882853122925,.1498754906362381,367296e-9,2.6636651400096714
24,4096,EmpBayesX,.1492435843559185,.14988445838976183,.022700792,.06946640569725576
24,4096,Rescaled,.15508601526331137,.15163756725207017,.022700792,.03473320284862788
24,4096,Rescaled_0.125,.15463651856053534,.15153357701468578,.022700792,.5557312455780461
24,4096,Rescaled_0.25,.15500351036922766,.1516317306060863,.022700792,.27786562278902305
24,4096,Rescaled_1.0,.15507628531332202,.1516650939769382,.022700792,.06946640569725576
24,4096,Rescaled_2.0,.15508601526331137,.15163756725207017,.022700792,.03473320284862788
24,4096,Rescaled_4.0,.15510597720562747,.15163205951389652,.022700792,.01736660142431394
24,4096,Rescaled_8.0,.15510447715611664,.15163034852987323,.022700792,.00868330071215697
24,4096,ExactStein,.15165909884189463,.1494037567382999,.209664511,2.97
24,4096,ImpulseStein,.1509928688187604,.14882510471290153,.170772275,3.28
24,4096,OracleX,.14888627063995347,.14998493556394055,.022861706,.5748715383434879
24,4096,OracleZ,.1550737940755984,.15171093500651087,.02284662,.17241492691179514
24,4096,Ridge,.15486436836806242,.15165963987319483,.00491075,.17241492691179514
24,8192,NaiveX,.15155465098740598,.1522595515191053,597702e-9,0
24,8192,NaiveZ,.1575439055702027,.15389841191767764,593651e-9,0
24,8192,FullInfo,.15513585885796347,.15588847109062223,591696e-9,0
24,8192,MLE,.12823199157593085,.12329995663389885,.015896994,2.4536099278880066
24,8192,MM,.15501576136141013,.15190688372674077,769092e-9,2.6540676775849943
24,8192,EmpBayesX,.15193121338318266,.1523972420390905,.086702436,.10026741833468075
24,8192,Rescaled,.1574808360287743,.15387637636909823,.086702436,.050133709167340376
24,8192,Rescaled_0.125,.15717086705780414,.15368918277488608,.086702436,.802139346677446
24,8192,Rescaled_0.25,.15734611049168423,.1539510234976975,.086702436,.401069673338723
24,8192,Rescaled_1.0,.15751271728481014,.15393827678242078,.086702436,.10026741833468075
24,8192,Rescaled_2.0,.1574808360287743,.15387637636909823,.086702436,.050133709167340376
24,8192,Rescaled_4.0,.157500544791899,.1538754792700922,.086702436,.025066854583670188
24,8192,Rescaled_8.0,.15752295048255718,.15389694410537486,.086702436,.012533427291835094
24,8192,ExactStein,.15498378473007096,.1518731765990034,.435111406,2.68
24,8192,ImpulseStein,.15501437656584624,.15200125137300263,.356585988,2.61
24,8192,OracleX,.1516898235569793,.1523974346984808,.086343312,.519689377932043
24,8192,OracleZ,.1575196129302308,.1540233079371006,.084869381,.15850713538589978
24,8192,Ridge,.15733580685759152,.1539841642054471,.008878294,.15850713538589978
24,16384,NaiveX,.15360244223186975,.15319936057093891,.001278584,0
24,16384,NaiveZ,.15926273030963933,.15488146993877014,.001260635,0
24,16384,FullInfo,.1572281399478805,.15672832077724141,.001260007,0
24,16384,MLE,.12885574977140546,.12356641419151801,.032029702,2.414252318128568
24,16384,MM,.15652253294179547,.15272500392242416,.001618502,2.6126466950053966
24,16384,EmpBayesX,.15384310977842305,.1533799718852154,.344633769,.13135930008894922
24,16384,Rescaled,.15922851968360596,.1548960026680562,.344633769,.06567965004447461
24,16384,Rescaled_0.125,.15859867803248084,.1544169753872351,.344633769,1.0508744007115938
24,16384,Rescaled_0.25,.15897135357273434,.1548119846337058,.344633769,.5254372003557969
24,16384,Rescaled_1.0,.15921455325365338,.1548941582060564,.344633769,.13135930008894922
24,16384,Rescaled_2.0,.15922851968360596,.1548960026680562,.344633769,.06567965004447461
24,16384,Rescaled_4.0,.1592368096992427,.1549033703766307,.344633769,.032839825022237305
24,16384,Rescaled_8.0,.15924804820001268,.1548954144978355,.344633769,.016419912511118653
24,16384,ExactStein,.15615853151959042,.1523638062270824,.906446972,2.95
24,16384,ImpulseStein,.15650660220961293,.15268054361649558,.750191836,2.66
24,16384,OracleX,.15370597919767304,.1533909047896128,.345933796,.36950799883068725
24,16384,OracleZ,.15918484746913994,.15497479730438235,.347774043,.18569645928766276
24,16384,Ridge,.15906823326842182,.15492303904979934,.018137362,.18569645928766276
24,32768,NaiveX,.15298929566932987,.15312919326852692,.002711938,0
24,32768,NaiveZ,.15868533498670917,.15471918105616597,.002702928,0
24,32768,FullInfo,.15673769070553095,.15671394853657386,.002705023,0
24,32768,MLE,.12774368582552292,.12306952561029363,.063731568,2.4098132058259
24,32768,MM,.1560852633271813,.15253245772458576,.003388629,2.6052098631553084
24,32768,EmpBayesX,.15313144592438768,.15321294233201005,1.411681891,.12358887200235559
24,32768,Rescaled,.15868085994125497,.15474336694223956,1.411681891,.061794436001177795
24,32768,Rescaled_0.125,.15814188899717602,.15434105435589648,1.411681891,.9887109760188447
24,32768,Rescaled_0.25,.15845206550834412,.15468199216113832,1.411681891,.49435548800942236
24,32768,Rescaled_1.0,.1586848913239898,.15479486014644772,1.411681891,.12358887200235559
24,32768,Rescaled_2.0,.15868085994125497,.15474336694223956,1.411681891,.061794436001177795
24,32768,Rescaled_4.0,.15868179617364406,.15472566790978537,1.411681891,.030897218000588898
24,32768,Rescaled_8.0,.15869276597099943,.1547217957511103,1.411681891,.015448609000294449
24,32768,ExactStein,.1560178203862466,.15247914285969327,1.908289665,2.68
24,32768,ImpulseStein,.15475215245939594,.15129545611638312,1.595898683,3.52
24,32768,OracleX,.15307778646087733,.1532194691757514,1.406085089,.344037142938332
24,32768,OracleZ,.15866643800203356,.15481518458563875,1.383440031,.1441066730325668
24,32768,Ridge,.1585153251567311,.15475107124107124,.035571423,.1441066730325668
24,65536,NaiveX,.1525429835133114,.15293395294976833,.006089391,0
24,65536,NaiveZ,.1582608769874112,.1546356034744049,.006025487,0
24,65536,FullInfo,.1563499137698339,.15658996738751035,.006510255,0
24,65536,MLE,.1275609120080038,.12300914898371393,.159671771,2.405872017221156
24,65536,MM,.1556262763877518,.15245387078327902,.00736665,2.607090630816136
24,65536,EmpBayesX,.1526573965198744,.15302690487248066,5.421493823,.3738989885186137
24,65536,Rescaled,.15821137520927753,.15467034468011964,5.421493823,.18694949425930685
24,65536,Rescaled_0.125,.15511343030113073,.15199137033459043,5.421493823,2.9911919081489096
24,65536,Rescaled_0.25,.15698176887465587,.15365704133741476,5.421493823,1.4955959540744548
24,65536,Rescaled_1.0,.1581085828744625,.15462032252384705,5.421493823,.3738989885186137
24,65536,Rescaled_2.0,.15821137520927753,.15467034468011964,5.421493823,.18694949425930685
24,65536,Rescaled_4.0,.15823441788081094,.15463680636842714,5.421493823,.09347474712965342
24,65536,Rescaled_8.0,.1582501997652931,.1546226949386143,5.421493823,.04673737356482671
24,65536,ExactStein,.15441837474251197,.15133355890352063,4.106569697,3.53
24,65536,ImpulseStein,.15347707382383546,.15046822662680215,3.472889186,4.13
24,65536,OracleX,.15265193866750115,.15302707787691122,5.415037834,.37729489465084803
24,65536,OracleZ,.1582116811572568,.1546720517055965,5.526503476,.18907246190202173
24,65536,Ridge,.15809235750453218,.1546171345475107,.072249271,.18907246190202173
24,131072,NaiveX,.15337894718506984,.15357824097127915,.013720111,0
24,131072,NaiveZ,.15905321171630013,.1552513079375001,.013191901,0
24,131072,FullInfo,.15706425100173518,.15728574529705097,.013669755,0
24,131072,MLE,.12802484550293394,.12336191565246923,.293566312,2.382743006143076
24,131072,MM,.15643613711477428,.1532620301284986,.016204715,2.5870616406654596
24,131072,EmpBayesX,.1535784452224015,.15366885386089918,22.353114946,.5858427684379068
24,131072,Rescaled,.15897976222747012,.15530570672407376,22.353114946,.2929213842189534
24,131072,Rescaled_0.125,.1534982599430625,.15051518434661,22.353114946,4.686742147503255
24,131072,Rescaled_0.25,.15679004831543708,.15357265192451608,22.353114946,2.3433710737516273
24,131072,Rescaled_1.0,.1587769457219635,.1551961150022991,22.353114946,.5858427684379068
24,131072,Rescaled_2.0,.15897976222747012,.15530570672407376,22.353114946,.2929213842189534
24,131072,Rescaled_4.0,.1590178359281662,.15529199340015448,22.353114946,.1464606921094767
24,131072,Rescaled_8.0,.15903329156572055,.15527674212959047,22.353114946,.07323034605473835
24,131072,ExactStein,.15551468361721335,.1523891235474493,8.825548137,3.29
24,131072,ImpulseStein,.1541325405527927,.151104652464919,7.565503197,4.24
24,131072,OracleX,.15353059021583484,.15368729271127038,22.399191686,.34377964771275965
24,131072,OracleZ,.15899338657983092,.1553122754658997,22.23702267,.2646257870423132
24,131072,Ridge,.15891109862633956,.1552837748138678,.146940263,.2646257870423132
25,256,NaiveX,.14026840113791203,.13934579364630878,55035e-9,0
25,256,NaiveZ,.15085888353797616,.1409083658789928,21232e-9,0
25,256,FullInfo,.14608534859514394,.14342152227026034,19486e-9,0
25,256,MLE,.12454180977522075,.11461695772326337,588692e-9,2.542609010914457
25,256,MM,.14760377434481928,.13801384652279178,3087e-8,2.745973558823483
25,256,EmpBayesX,.14026840113791203,.13934579364630878,131022e-9,0
25,256,Rescaled,.15085888353797616,.1409083658789928,131022e-9,0
25,256,Rescaled_0.125,.15085888353797616,.1409083658789928,131022e-9,0
25,256,Rescaled_0.25,.15085888353797616,.1409083658789928,131022e-9,0
25,256,Rescaled_1.0,.15085888353797616,.1409083658789928,131022e-9,0
25,256,Rescaled_2.0,.15085888353797616,.1409083658789928,131022e-9,0
25,256,Rescaled_4.0,.15085888353797616,.1409083658789928,131022e-9,0
25,256,Rescaled_8.0,.15085888353797616,.1409083658789928,131022e-9,0
25,256,ExactStein,.14776485437620063,.13738877405204836,.011640796,3.54
25,256,ImpulseStein,.1499125428368488,.1397786578125011,.006946833,1.84
25,256,OracleX,.13973492839054136,.13975154628966172,134165e-9,.20697965589209408
25,256,OracleZ,.15123973772517468,.14141669909806123,118031e-9,.03999031094180166
25,256,Ridge,.15123973772517468,.14141669909806123,463118e-9,.03999031094180166
25,512,NaiveX,.15120374680286247,.15120013372279317,34502e-9,0
25,512,NaiveZ,.1587829919724305,.1525454768492948,33315e-9,0
25,512,FullInfo,.15576941638609632,.15459781497808484,33454e-9,0
25,512,MLE,.12639484808262602,.12015781917553592,.001017238,2.363213690799628
25,512,MM,.15497095875126224,.14978367913992252,49517e-9,2.576317703389946
25,512,EmpBayesX,.1518326737274414,.15138725731178515,393975e-9,.04950936455754717
25,512,Rescaled,.1587829919724305,.1525454768492948,393975e-9,.024754682278773584
25,512,Rescaled_0.125,.1581803350159468,.15278658572183945,393975e-9,.39607491646037735
25,512,Rescaled_0.25,.1584763312576661,.15271624452068192,393975e-9,.19803745823018867
25,512,Rescaled_1.0,.1587829919724305,.1525454768492948,393975e-9,.04950936455754717
25,512,Rescaled_2.0,.1587829919724305,.1525454768492948,393975e-9,.024754682278773584
25,512,Rescaled_4.0,.1587829919724305,.1525454768492948,393975e-9,.012377341139386792
25,512,Rescaled_8.0,.1587829919724305,.1525454768492948,393975e-9,.006188670569693396
25,512,ExactStein,.15356679035042403,.14856092797872728,.020706194,3.85
25,512,ImpulseStein,.15444945205077576,.14886893758326863,.01545399,3.4
25,512,OracleX,.1516536999782181,.15140244883275245,390692e-9,.05871965533840083
25,512,OracleZ,.1581803350159468,.15278658572183945,423518e-9,.33985353946071944
25,512,Ridge,.15747306538494402,.15233323227441273,700299e-9,.33985353946071944
25,1024,NaiveX,.15003913165049615,.15037132130315367,67816e-9,0
25,1024,NaiveZ,.1576496910902401,.15243525875051794,66e-6,0
25,1024,FullInfo,.15522208458073003,.15453037063323044,65791e-9,0
25,1024,MLE,.12506827563045292,.12073265671499667,.001976159,2.5701229450478515
25,1024,MM,.15437904879575692,.15019486920240666,9247e-8,2.8007328069090307
25,1024,EmpBayesX,.15049310021189116,.15054417710389428,.001547263,.7056961650053711
25,1024,Rescaled,.1573209044140456,.1523704093500277,.001547263,.35284808250268557
25,1024,Rescaled_0.125,.14909181092235904,.14616783684033285,.001547263,5.645569320042969
25,1024,Rescaled_0.25,.15437904879575692,.15019486920240666,.001547263,2.8227846600214845
25,1024,Rescaled_1.0,.15703241708248084,.1522985863036524,.001547263,.7056961650053711
25,1024,Rescaled_2.0,.1573209044140456,.1523704093500277,.001547263,.35284808250268557
25,1024,Rescaled_4.0,.15756029039867336,.15251315642176666,.001547263,.17642404125134278
25,1024,Rescaled_8.0,.15763856331274081,.15245114156705772,.001547263,.08821202062567139
25,1024,ExactStein,.15283972026839715,.14874660797655503,.044938606,4.06
25,1024,ImpulseStein,.1530705181499341,.14897818360259452,.035857632,3.8
25,1024,OracleX,.15049310021189116,.15054417710389428,.001546775,.7056961650053711
25,1024,OracleZ,.15735255046873647,.15260323774290308,.001486292,.21867263903593162
25,1024,Ridge,.1574088514380403,.1525569282622405,.001176476,.21867263903593162
25,2048,NaiveX,.14809569203888662,.1489388470423734,134723e-9,0
25,2048,NaiveZ,.15461035882962001,.1509338068702644,134235e-9,0
25,2048,FullInfo,.15283572366207238,.15306778538495444,132489e-9,0
25,2048,MLE,.12568659853229286,.12184118186483744,.003786376,2.426575091603051
25,2048,MM,.15108791136207889,.1482747455437317,179213e-9,2.636444434650147
25,2048,EmpBayesX,.14840005840207032,.14908536346024454,.00649489,.2675550581309511
25,2048,Rescaled,.15455582343684413,.15108976118566386,.00649489,.13377752906547555
25,2048,Rescaled_0.125,.1522125758163545,.14918942160009424,.00649489,2.1404404650476088
25,2048,Rescaled_0.25,.15378882020680204,.15019675335588195,.00649489,1.0702202325238044
25,2048,Rescaled_1.0,.15458544703103463,.15094879517718113,.00649489,.2675550581309511
25,2048,Rescaled_2.0,.15455582343684413,.15108976118566386,.00649489,.13377752906547555
25,2048,Rescaled_4.0,.15459764718888927,.15096151247076378,.00649489,.06688876453273777
25,2048,Rescaled_8.0,.15461035882962004,.1509338068702644,.00649489,.03344438226636889
25,2048,ExactStein,.14944932309277797,.14670355398008367,.100141016,4.06
25,2048,ImpulseStein,.14806286919502848,.14554226058835928,.081611914,4.92
25,2048,OracleX,.1483923480541366,.14921867116714166,.005572007,.12111148206370974
25,2048,OracleZ,.15455582343684413,.15108976118566386,.005979182,.12222678362637722
25,2048,Ridge,.15438576539243182,.15081521467963727,.002149435,.12222678362637722
25,4096,NaiveX,.14872379670127112,.14995987690841184,282019e-9,0
25,4096,NaiveZ,.15538461509449608,.15160698837484904,284463e-9,0
25,4096,FullInfo,.15328873519151437,.1535228623124099,27713e-8,0
25,4096,MLE,.12598884133041652,.12202542049470835,.008458827,2.451313193569687
25,4096,MM,.15167890310286658,.14890703290903293,376793e-9,2.64026895185314
25,4096,EmpBayesX,.14878489724833632,.14990513609332742,.022827693,.1841177729742139
25,4096,Rescaled,.15538698639279364,.15172438040430922,.022827693,.09205888648710694
25,4096,Rescaled_0.125,.15397994622654784,.15058837414489906,.022827693,1.4729421837937111
25,4096,Rescaled_0.25,.15476766002419137,.1514075848845302,.022827693,.7364710918968556
25,4096,Rescaled_1.0,.15532967189085575,.15171471602506886,.022827693,.1841177729742139
25,4096,Rescaled_2.0,.15538698639279364,.15172438040430922,.022827693,.09205888648710694
25,4096,Rescaled_4.0,.15543031427715637,.15163549650551433,.022827693,.04602944324355347
25,4096,Rescaled_8.0,.15540654434837592,.15160093089290044,.022827693,.023014721621776736
25,4096,ExactStein,.14927577675664222,.14634579200996273,.210728613,4.72
25,4096,ImpulseStein,.14895497788030793,.1459583880781946,.171666103,4.88
25,4096,OracleX,.1486712093939974,.14997357338944306,.022984836,.05024742252845848
25,4096,OracleZ,.15515295890368674,.1518324456893249,.023432659,.3399870821155835
25,4096,Ridge,.15512551536646957,.15172675321666967,.005038211,.3399870821155835
25,8192,NaiveX,.1519889438517693,.1523583031966631,596095e-9,0
25,8192,NaiveZ,.15817602227041136,.1539674629246798,58988e-8,0
25,8192,FullInfo,.15629885441401722,.15588847109062223,591137e-9,0
25,8192,MLE,.127670432226644,.12335891279818778,.015985762,2.4364447659718604
25,8192,MM,.1554643041790889,.15176565096114897,762876e-9,2.624260290549166
25,8192,EmpBayesX,.15207092027296604,.1523249613413063,.088828475,.2918774627007661
25,8192,Rescaled,.1583025797664664,.15405868103091686,.088828475,.14593873135038304
25,8192,Rescaled_0.125,.15582297204218232,.15209103870234508,.088828475,2.3350197016061287
25,8192,Rescaled_0.25,.15741723022668655,.15355614771579368,.088828475,1.1675098508030644
25,8192,Rescaled_1.0,.15818687908576046,.1541081835978701,.088828475,.2918774627007661
25,8192,Rescaled_2.0,.1583025797664664,.15405868103091686,.088828475,.14593873135038304
25,8192,Rescaled_4.0,.158324191454369,.15399613638542364,.088828475,.07296936567519152
25,8192,Rescaled_8.0,.15824295503359323,.1539251609940421,.088828475,.03648468283759576
25,8192,ExactStein,.15379229238934491,.15029496845078055,.436233197,3.87
25,8192,ImpulseStein,.15252682584854155,.14899532222710232,.358230191,4.69
25,8192,OracleX,.15196392837196349,.15237874994226158,.089086119,.09408889702624978
25,8192,OracleZ,.15818022188296932,.15411764594867014,.086532791,.3036900714696292
25,8192,Ridge,.1581332386632108,.15405770619388212,.009059672,.3036900714696292
25,16384,NaiveX,.15324824522914576,.15318265559608688,.001257562,0
25,16384,NaiveZ,.1588161069134763,.15485076368569273,.001252184,0
25,16384,FullInfo,.1569497316516747,.15672832077724141,.00126287,0
25,16384,MLE,.12869164858192228,.12371677707724402,.032502387,2.4023648201979144
25,16384,MM,.15616756218187072,.15263585905548815,.00161962,2.588905591287452
25,16384,EmpBayesX,.1533778635306705,.1532310606387267,.36289077,.16450311151811964
25,16384,Rescaled,.15888325001558873,.1549005419973612,.36289077,.08225155575905982
25,16384,Rescaled_0.125,.1579203907563686,.1542226580636827,.36289077,1.316024892144957
25,16384,Rescaled_0.25,.15856887915992957,.15481107527044918,.36289077,.6580124460724786
25,16384,Rescaled_1.0,.15889736969616725,.15495145535597787,.36289077,.16450311151811964
25,16384,Rescaled_2.0,.15888325001558873,.1549005419973612,.36289077,.08225155575905982
25,16384,Rescaled_4.0,.15884903532510725,.15485564660757561,.36289077,.04112577787952991
25,16384,Rescaled_8.0,.15885046684830595,.15485163863428825,.36289077,.020562888939764955
25,16384,ExactStein,.15348831567190754,.15047405066782965,.909105481,4.45
25,16384,ImpulseStein,.15267440241835295,.14966269578879307,.753485901,5
25,16384,OracleX,.153311660768367,.15325010236144931,.356413619,.07889445046805382
25,16384,OracleZ,.15891127863894128,.15496058797470652,.359099645,.17850811945932474
25,16384,Ridge,.1587581393736544,.15483895791147095,.018432372,.17850811945932474
25,32768,NaiveX,.15291057295295463,.15304378857063644,.002716546,0
25,32768,NaiveZ,.15885597367550344,.15492984713544253,.002716337,0
25,32768,FullInfo,.15684824378461998,.15671394853657386,.002730306,0
25,32768,MLE,.12802647295152453,.1232276567735805,.06505052,2.4064072367663822
25,32768,MM,.15598499342411826,.15259290153529273,.003391074,2.5969583527982985
25,32768,EmpBayesX,.15308914321559702,.15310795466675936,1.512058762,.1923123261905191
25,32768,Rescaled,.15885753575402983,.15495608601085215,1.512058762,.09615616309525955
25,32768,Rescaled_0.125,.15769989823956754,.15405746244728766,1.512058762,1.5384986095241528
25,32768,Rescaled_0.25,.1585459687813717,.1547163404418537,1.512058762,.7692493047620764
25,32768,Rescaled_1.0,.15883828601158512,.15496400255591672,1.512058762,.1923123261905191
25,32768,Rescaled_2.0,.15885753575402983,.15495608601085215,1.512058762,.09615616309525955
25,32768,Rescaled_4.0,.15886997870350322,.15497041852904753,1.512058762,.04807808154762978
25,32768,Rescaled_8.0,.1588680805732615,.15494780094675636,1.512058762,.02403904077381489
25,32768,ExactStein,.1551011257369265,.1518587205501306,1.904569428,3.19
25,32768,ImpulseStein,.15425152756362775,.15107697263600886,1.593608377,3.76
25,32768,OracleX,.15308564002977487,.1531155308146216,1.455106128,.1770108402840063
25,32768,OracleZ,.15883604411486166,.1549815780100627,1.430602313,.14532836084295778
25,32768,Ridge,.15880230413263507,.15486104561743094,.035869715,.14532836084295778
25,65536,NaiveX,.15286168008055648,.15280334425731582,.006003976,0
25,65536,NaiveZ,.1587349884495011,.15469641675506146,.006027931,0
25,65536,FullInfo,.15686632166991799,.15658996738751035,.005999715,0
25,65536,MLE,.12812346222000398,.12315059419989449,.127126781,2.405625531258753
25,65536,MM,.15605447493589464,.1526299799224105,.007867411,2.603793248498296
25,65536,EmpBayesX,.15297239787460426,.1529166052664805,5.575746399,.26002022396460633
25,65536,Rescaled,.1587496915383112,.15473142058962852,5.575746399,.13001011198230317
25,65536,Rescaled_0.125,.15679874591116627,.15330690048618947,5.575746399,2.0801617917168507
25,65536,Rescaled_0.25,.15816599207908721,.1543870908477516,5.575746399,1.0400808958584253
25,65536,Rescaled_1.0,.1587373220284946,.15471996399297236,5.575746399,.26002022396460633
25,65536,Rescaled_2.0,.1587496915383112,.15473142058962852,5.575746399,.13001011198230317
25,65536,Rescaled_4.0,.15874849859283835,.1546930808892315,5.575746399,.06500505599115158
25,65536,Rescaled_8.0,.15875251201362908,.15470611030400616,5.575746399,.03250252799557579
25,65536,ExactStein,.15595685528839848,.1525301360303749,4.115543324,2.7
25,65536,ImpulseStein,.15460204815507383,.15138262243601042,3.488192528,3.52
25,65536,OracleX,.152966581281332,.15291792981633495,5.61347948,.26139561153818475
25,65536,OracleZ,.15874393903867628,.15473382305561512,5.495665685,.14063386385409543
25,65536,Ridge,.15868192294955014,.15465678372347513,.071267512,.14063386385409543
25,131072,NaiveX,.15352432245315417,.15346348729258175,.013184079,0
25,131072,NaiveZ,.15944670162400698,.15537406816787735,.013176676,0
25,131072,FullInfo,.1574546149792847,.15728574529705097,.01359698,0
25,131072,MLE,.12832079718325268,.1233851465024457,.257992794,2.3851274234288167
25,131072,MM,.15676371191621152,.1532778401715727,.015918574,2.588291043739463
25,131072,EmpBayesX,.15366684102181785,.15355420110935764,23.05755299,.25233525964374853
25,131072,Rescaled,.15944526835386386,.1554057430144642,23.05755299,.12616762982187427
25,131072,Rescaled_0.125,.15758563530674438,.15399894816585463,23.05755299,2.0186820771499883
25,131072,Rescaled_0.25,.1588713226743556,.15505258705197456,23.05755299,1.0093410385749941
25,131072,Rescaled_1.0,.15943165346369848,.1553891776854664,23.05755299,.25233525964374853
25,131072,Rescaled_2.0,.15944526835386386,.1554057430144642,23.05755299,.12616762982187427
25,131072,Rescaled_4.0,.15944353180105036,.15538827566700497,23.05755299,.06308381491093713
25,131072,Rescaled_8.0,.15944903857015563,.15537146285664843,23.05755299,.03154190745546857
25,131072,ExactStein,.15582130393688354,.15248106352037466,8.801319148,3.23
25,131072,ImpulseStein,.15361169806429814,.1504904596571378,7.535146613,4.82
25,131072,OracleX,.1536613723391719,.15355619958371874,22.913307272,.25497970828899524
25,131072,OracleZ,.1594465546467513,.15541820766608702,22.0021919,.10187702846710617
25,131072,Ridge,.15938316869221278,.15535300690272935,.142351203,.10187702846710617
21,256,NaiveZ,.16331092516977774,.15519991294629426,20952e-9,0
21,256,FullInfo,.15860241157535943,.1571802290819365,20463e-9,0
21,256,MLE,.12421639761226404,.11524522016838523,564597e-9,2.189132826130791
21,256,MM,.16200418297189573,.15524550621115113,29892e-9,2.5020583648613828
21,256,EmpBayesX,.15417847934511672,.15332065477687043,141149e-9,0
21,256,Rescaled,.16331092516977774,.15519991294629426,141149e-9,0
21,256,Rescaled_0.125,.16331092516977774,.15519991294629426,141149e-9,0
21,256,Rescaled_0.25,.16331092516977774,.15519991294629426,141149e-9,0
21,256,Rescaled_1.0,.16331092516977774,.15519991294629426,141149e-9,0
21,256,Rescaled_2.0,.16331092516977774,.15519991294629426,141149e-9,0
21,256,Rescaled_4.0,.16331092516977774,.15519991294629426,141149e-9,0
21,256,Rescaled_8.0,.16331092516977774,.15519991294629426,141149e-9,0
21,256,ExactStein,.16300985061545126,.15502297553946326,.009896579,2.33
21,256,ImpulseStein,.16200418297189573,.15524550621115113,.00853258,2.97
21,256,OracleX,.15316755376723667,.1543807303402494,166501e-9,1.1533792759739232
21,256,OracleZ,.1617226979307853,.15527572150049687,153511e-9,2.9782131789061417
21,256,Ridge,.1633088387819161,.15521648818685418,637861e-9,2.9782131789061417
21,512,NaiveX,.1397026745061562,.14077389936413603,40578e-9,0
21,512,NaiveZ,.14821163123141484,.14153948570445488,37994e-9,0
21,512,FullInfo,.1447119520536768,.14459661117087946,36947e-9,0
21,512,MLE,.11697585297669885,.11230318629297163,.001407791,2.399940061503767
21,512,MM,.14685753590633743,.1407441253804989,60901e-9,2.6359809377924344
21,512,EmpBayesX,.14102969342234362,.1412157548976875,493219e-9,1.3495695843697508
21,512,Rescaled,.14840018212917105,.14194979810946312,493219e-9,.6747847921848754
21,512,Rescaled_0.125,.13786984374793987,.13395962194045086,493219e-9,10.796556674958007
21,512,Rescaled_0.25,.14269056097301014,.13812019561133543,493219e-9,5.398278337479003
21,512,Rescaled_1.0,.14843949230195594,.1411574453281641,493219e-9,1.3495695843697508
21,512,Rescaled_2.0,.14840018212917105,.14194979810946312,493219e-9,.6747847921848754
21,512,Rescaled_4.0,.14859965163242994,.14159442821036408,493219e-9,.3373923960924377
21,512,Rescaled_8.0,.1487857095292895,.14172428664938264,493219e-9,.16869619804621885
21,512,ExactStein,.14837156664741602,.1418775020156516,.020702912,.89
21,512,ImpulseStein,.1460076451614557,.14040948877245008,.015517965,3.11
21,512,OracleX,.14021305578904175,.1412722754537743,437766e-9,.439378006039599
21,512,OracleZ,.14840018212917105,.14194979810946312,408292e-9,.49012046632634254
21,512,Ridge,.14884568623807767,.14172212994150835,684235e-9,.49012046632634254
21,1024,NaiveX,.13692154506713244,.1391433326693142,66419e-9,0
21,1024,NaiveZ,.1438168415806472,.14010381065808117,65092e-9,0
21,1024,FullInfo,.14055367555571988,.1425459958016587,65301e-9,0
21,1024,MLE,.1110646005490623,.10808393096301291,.001915188,2.4636551756157945
21,1024,MM,.14153513830552988,.1373691642682628,9233e-8,2.7523957781907384
21,1024,EmpBayesX,.13729930631025342,.13938692201429234,.001626394,.8892976448148607
21,1024,Rescaled,.1443691963094614,.13983401412218763,.001626394,.44464882240743037
21,1024,Rescaled_0.125,.1362084709707697,.13313236351543845,.001626394,7.114381158518886
21,1024,Rescaled_0.25,.14051880283294757,.13650334628575453,.001626394,3.557190579259443
21,1024,Rescaled_1.0,.14458401122678124,.13961755179609403,.001626394,.8892976448148607
21,1024,Rescaled_2.0,.1443691963094614,.13983401412218763,.001626394,.44464882240743037
21,1024,Rescaled_4.0,.14392998664227397,.13989607638877352,.001626394,.22232441120371518
21,1024,Rescaled_8.0,.14387412709935135,.1399062124563274,.001626394,.11116220560185759
21,1024,ExactStein,.14100621235612065,.13711597590406613,.047002206,3.51
21,1024,ImpulseStein,.14100621235612065,.13711597590406613,.035308749,3.49
21,1024,OracleX,.13714152019670725,.13952708258467153,.001621714,.728849582818562
21,1024,OracleZ,.1438168415806472,.14010381065808117,.001569752,0
21,1024,Ridge,.14414282810851328,.1398193337129625,.001171797,0
21,2048,NaiveX,.1384935959961867,.1388791549664734,133816e-9,0
21,2048,NaiveZ,.14436933355086634,.14008014416526468,133677e-9,0
21,2048,FullInfo,.1416474758349094,.14230597562097486,133327e-9,0
21,2048,MLE,.11428630029916195,.10986589701200233,.003799995,2.5442383582548898
21,2048,MM,.14105369035817655,.1375729720338128,182146e-9,2.867170694340931
21,2048,EmpBayesX,.1384935959961867,.1388791549664734,.007159151,0
21,2048,Rescaled,.14436933355086634,.14008014416526468,.007159151,0
21,2048,Rescaled_0.125,.14436933355086634,.14008014416526468,.007159151,0
21,2048,Rescaled_0.25,.14436933355086634,.14008014416526468,.007159151,0
21,2048,Rescaled_1.0,.14436933355086634,.14008014416526468,.007159151,0
21,2048,Rescaled_2.0,.14436933355086634,.14008014416526468,.007159151,0
21,2048,Rescaled_4.0,.14436933355086634,.14008014416526468,.007159151,0
21,2048,Rescaled_8.0,.14436933355086634,.14008014416526468,.007159151,0
21,2048,ExactStein,.1408460852698068,.13754168972098063,.100581296,3.08
21,2048,ImpulseStein,.13792122281562091,.13495351070847375,.081545565,4.83
21,2048,OracleX,.1384935959961867,.1388791549664734,.006078706,0
21,2048,OracleZ,.14436933355086634,.14008014416526468,.006271328,0
21,2048,Ridge,.14461542904852936,.1397585575696273,.003124769,0
21,4096,NaiveX,.1476071969293692,.14779961297669303,280063e-9,0
21,4096,NaiveZ,.15311200475507403,.1491511191422275,27741e-8,0
21,4096,FullInfo,.15071740235254427,.15106178832312336,279505e-9,0
21,4096,MLE,.12126193204222822,.1170446771931253,.007528681,2.4353157820660143
21,4096,MM,.1502128649460729,.1470022374842735,371625e-9,2.6580618260300786
21,4096,EmpBayesX,.14760938310852267,.14774959942587962,.023506621,.0011581955053049868
21,4096,Rescaled,.15311200475507403,.1491511191422275,.023506621,.0005790977526524934
21,4096,Rescaled_0.125,.15311200475507403,.1491511191422275,.023506621,.009265564042439894
21,4096,Rescaled_0.25,.15311200475507403,.1491511191422275,.023506621,.004632782021219947
21,4096,Rescaled_1.0,.15311200475507403,.1491511191422275,.023506621,.0011581955053049868
21,4096,Rescaled_2.0,.15311200475507403,.1491511191422275,.023506621,.0005790977526524934
21,4096,Rescaled_4.0,.15311200475507403,.1491511191422275,.023506621,.0002895488763262467
21,4096,Rescaled_8.0,.15311200475507403,.1491511191422275,.023506621,.00014477443816312334
21,4096,ExactStein,.14969106406982868,.14646043292150268,.210654861,3.06
21,4096,ImpulseStein,.14727163572503688,.14399669504778337,.170456802,4.77
21,4096,OracleX,.1476071969293692,.14779961297669303,.02260008,0
21,4096,OracleZ,.15311200475507403,.1491511191422275,.022218956,0
21,4096,Ridge,.15315200579271274,.14892748051213128,.005056369,0
21,8192,NaiveX,.14758384110052725,.14833601481349387,591206e-9,0
21,8192,NaiveZ,.1542428997845495,.15032747641485067,591555e-9,0
21,8192,FullInfo,.15189668611501458,.15217335413924585,582057e-9,0
21,8192,MLE,.12395029510357662,.11999442293864732,.015755844,2.3813876790625073
21,8192,MM,.15140129032476882,.14825522642249506,763784e-9,2.5877496024590205
21,8192,EmpBayesX,.14817064998575852,.1485241954527397,.089198983,1.0306833080459215
21,8192,Rescaled,.15420260768115676,.15027197676774723,.089198983,.5153416540229607
21,8192,Rescaled_0.125,.144566193189833,.1418073927753685,.089198983,8.245466464367372
21,8192,Rescaled_0.25,.14908536927034577,.14615115229640446,.089198983,4.122733232183686
21,8192,Rescaled_1.0,.15364881736937203,.14990467613560443,.089198983,1.0306833080459215
21,8192,Rescaled_2.0,.15420260768115676,.15027197676774723,.089198983,.5153416540229607
21,8192,Rescaled_4.0,.15412492005578746,.15037614575436134,.089198983,.25767082701148036
21,8192,Rescaled_8.0,.15416214321766764,.15035608541091566,.089198983,.12883541350574018
21,8192,ExactStein,.14851029145905412,.14580190578808055,.435706664,4.84
21,8192,ImpulseStein,.1511612078150001,.14797281966671125,.35758842,2.77
21,8192,OracleX,.14808935353088082,.1486337666103098,.087865084,.37750899938374954
21,8192,OracleZ,.1541464283860973,.15039089158399946,.084717407,.2777850029318792
21,8192,Ridge,.1541261897931268,.15029508132056785,.009137893,.2777850029318792
21,16384,NaiveX,.15220648552256882,.15195785261542394,.001262032,0
21,16384,NaiveZ,.15798956820391413,.15374914673339074,.001272648,0
21,16384,FullInfo,.15602948854093152,.15569949683900772,.001264966,0
21,16384,MLE,.12764294188165506,.12249382872898491,.033084025,2.3802221527736727
21,16384,MM,.1553130605171591,.15157152323743497,.001609841,2.5792414589984562
21,16384,EmpBayesX,.15256060854937226,.1521067667744471,.351909974,.7592835787045151
21,16384,Rescaled,.15797768637419857,.15370511572393905,.351909974,.37964178935225756
21,16384,Rescaled_0.125,.15030287153762567,.1469976650981546,.351909974,6.074268629636121
21,16384,Rescaled_0.25,.15441172643852513,.15078022664318336,.351909974,3.0371343148180605
21,16384,Rescaled_1.0,.157751439877086,.15349943613500042,.351909974,.7592835787045151
21,16384,Rescaled_2.0,.15797768637419857,.15370511572393905,.351909974,.37964178935225756
21,16384,Rescaled_4.0,.157985358687584,.15370697328572774,.351909974,.18982089467612878
21,16384,Rescaled_8.0,.15797972522138023,.15373802308613932,.351909974,.09491044733806439
21,16384,ExactStein,.15237347506731957,.14894990361821725,.905960877,4.65
21,16384,ImpulseStein,.15237347506731957,.14894990361821725,.749354719,4.65
21,16384,OracleX,.15239870958027707,.15212493014527778,.351557974,.24402202635002324
21,16384,OracleZ,.1579948304579913,.15375454298956326,.347499218,.0066963368412275475
21,16384,Ridge,.15798762167458819,.15368340867986052,.018791426,.0066963368412275475
21,32768,NaiveX,.15457015132930202,.15420818046714446,.002783524,0
21,32768,NaiveZ,.16041131847487602,.15602702329535517,.002779543,0
21,32768,FullInfo,.15830987870136937,.15797076429503365,.003509944,0
21,32768,MLE,.12936166189991244,.12394884033249717,.102041537,2.3869960187379746
21,32768,MM,.15774477261609085,.15400706965100808,.003402457,2.594536475797355
21,32768,EmpBayesX,.15460938574082705,.1542624393454215,1.356812203,.09830716111010845
21,32768,Rescaled,.16039749578054072,.15602615487477545,1.356812203,.04915358055505423
21,32768,Rescaled_0.125,.16000244711222472,.15579594804812372,1.356812203,.7864572888808676
21,32768,Rescaled_0.25,.16030181941612254,.1559849659249576,1.356812203,.3932286444404338
21,32768,Rescaled_1.0,.16039179143074778,.1560262007123142,1.356812203,.09830716111010845
21,32768,Rescaled_2.0,.16039749578054072,.15602615487477545,1.356812203,.04915358055505423
21,32768,Rescaled_4.0,.16040258793956852,.1560353522217262,1.356812203,.024576790277527114
21,32768,Rescaled_8.0,.16041891902344327,.1560306473673474,1.356812203,.012288395138763557
21,32768,ExactStein,.15488834399968643,.15152851544728888,1.899014184,4.67
21,32768,ImpulseStein,.15488834399968643,.15152851544728888,1.584166953,4.67
21,32768,OracleX,.15460289509631953,.1543223107841749,1.35320979,.42488720845505507
21,32768,OracleZ,.16038098147530944,.15604729682869528,1.342343464,.11743324260035805
21,32768,Ridge,.16030572450097663,.15597838275098,.036383258,.11743324260035805
21,65536,NaiveX,.15344396871657062,.15331072089837883,.005999366,0
21,65536,NaiveZ,.15934464369233958,.15510823992393552,.006040223,0
21,65536,FullInfo,.15721558969232968,.15710932615117146,.006019341,0
21,65536,MLE,.12848135484983458,.12301975814741922,.12840718,2.400634296276521
21,65536,MM,.1567186935206153,.1530656711559693,.008285691,2.6122202167985904
21,65536,EmpBayesX,.15351344151513083,.15340667194024996,5.552189074,.19067956037621062
21,65536,Rescaled,.1593202969699964,.15512698336438424,5.552189074,.09533978018810531
21,65536,Rescaled_0.125,.15816116489306176,.1543635532527068,5.552189074,1.525436483009685
21,65536,Rescaled_0.25,.15898528874833662,.15492120071838822,5.552189074,.7627182415048425
21,65536,Rescaled_1.0,.15931593108594594,.15511573509061577,5.552189074,.19067956037621062
21,65536,Rescaled_2.0,.1593202969699964,.15512698336438424,5.552189074,.09533978018810531
21,65536,Rescaled_4.0,.15932378028794442,.15511624505876653,5.552189074,.047669890094052654
21,65536,Rescaled_8.0,.159332512310092,.1551136156752284,5.552189074,.023834945047026327
21,65536,ExactStein,.15509904887403603,.1517102194502002,4.093505117,3.75
21,65536,ImpulseStein,.15373986969653003,.1505359193142198,3.481658317,4.72
21,65536,OracleX,.15349047335194455,.15341087420429814,5.554529386,.29741139574373004
21,65536,OracleZ,.15931666930463134,.15513451099033437,5.429633335,.100155522550716
21,65536,Ridge,.15921334644436266,.15509528461562794,.070976763,.100155522550716
21,131072,NaiveX,.1540645159615019,.15414444346903944,.013082879,0
21,131072,NaiveZ,.15987217735713835,.15593267066804092,.013151463,0
21,131072,FullInfo,.15782061610359133,.15793107191094014,.01371592,0
21,131072,MLE,.1288313951675317,.1238563282938144,.260482705,2.394973316204706
21,131072,MM,.15741943187273216,.1540025286842713,.015863749,2.6037200130510194
21,131072,EmpBayesX,.1541490931839114,.15425016016275803,22.892038297,.3390505618612472
21,131072,Rescaled,.15986021282676255,.1559414708436696,22.892038297,.1695252809306236
21,131072,Rescaled_0.125,.15724897393065843,.1538691995267692,22.892038297,2.7124044948899777
21,131072,Rescaled_0.25,.15893911900270175,.1553617682918179,22.892038297,1.3562022474449889
21,131072,Rescaled_1.0,.1598166651258302,.15594280155925144,22.892038297,.3390505618612472
21,131072,Rescaled_2.0,.15986021282676255,.1559414708436696,22.892038297,.1695252809306236
21,131072,Rescaled_4.0,.15986657352175565,.15594950616785,22.892038297,.0847626404653118
21,131072,Rescaled_8.0,.1598743624548914,.15594533797816046,22.892038297,.0423813202326559
21,131072,ExactStein,.1562827246962441,.15300205235252523,8.82136213,3.44
21,131072,ImpulseStein,.15405457166023756,.1510586958503611,7.537279147,4.99
21,131072,OracleX,.15414532655880028,.15425584201626705,22.667578119,.3470112928880354
21,131072,OracleZ,.15986734730869503,.15595293347340827,22.673322775,.06810770215513805
21,131072,Ridge,.1597762276201592,.15592253332141126,.187583352,.06810770215513805
22,256,NaiveX,.16133214179625716,.15339501575118827,55175e-9,0
22,256,NaiveZ,.1656561872384192,.15418575129495027,2186e-8,0
22,256,FullInfo,.16027049305120847,.1571802290819365,19975e-9,0
22,256,MLE,.13043250736527306,.11359915752808679,575422e-9,2.191235203055663
22,256,MM,.16265104775655936,.15359622190588618,31149e-9,2.5261284717769463
22,256,EmpBayesX,.16253583946058264,.15365355002611675,129835e-9,.2637304920107847
22,256,Rescaled,.16561473922336203,.15430550403636423,129835e-9,.13186524600539234
22,256,Rescaled_0.125,.1634650644681579,.15303062605132145,129835e-9,2.1098439360862775
22,256,Rescaled_0.25,.1649888081786226,.1536624694120653,129835e-9,1.0549219680431388
22,256,Rescaled_1.0,.16561473922336203,.15430550403636425,129835e-9,.2637304920107847
22,256,Rescaled_2.0,.16561473922336203,.15430550403636423,129835e-9,.13186524600539234
22,256,Rescaled_4.0,.16563668682394384,.15432136160279153,129835e-9,.06593262300269617
22,256,Rescaled_8.0,.16563668682394384,.15432136160279153,129835e-9,.032966311501348086
22,256,ExactStein,.16295719743364356,.1536510517013925,.009591513,2.97
22,256,ImpulseStein,.16563668682394384,.15432136160279153,.008766548,.07
22,256,OracleX,.16253583946058264,.15365355002611675,127042e-9,.2637304920107847
22,256,OracleZ,.16563668682394384,.15432136160279153,129625e-9,.014699921233434977
22,256,Ridge,.16563668682394384,.15432136160279153,446146e-9,.014699921233434977
22,512,NaiveX,.14520098874736936,.14087109145740231,34571e-9,0
22,512,NaiveZ,.14991187669640868,.14182473673440907,33454e-9,0
22,512,FullInfo,.1460590758045669,.14459661117087946,54826e-9,0
22,512,MLE,.12286471910905225,.11096686679551153,.001014165,2.4176335452389406
22,512,MM,.1467972424668902,.1395166794417717,48819e-9,2.6815062698677297
22,512,EmpBayesX,.14520098874736936,.14087109145740231,396698e-9,0
22,512,Rescaled,.14991187669640868,.14182473673440907,396698e-9,0
22,512,Rescaled_0.125,.14991187669640868,.14182473673440907,396698e-9,0
22,512,Rescaled_0.25,.14991187669640868,.14182473673440907,396698e-9,0
22,512,Rescaled_1.0,.14991187669640868,.14182473673440907,396698e-9,0
22,512,Rescaled_2.0,.14991187669640868,.14182473673440907,396698e-9,0
22,512,Rescaled_4.0,.14991187669640868,.14182473673440907,396698e-9,0
22,512,Rescaled_8.0,.14991187669640868,.14182473673440907,396698e-9,0
22,512,ExactStein,.14630871853201358,.1397202311388402,.020689013,3.01
22,512,ImpulseStein,.14588560273614032,.13914590299165563,.01411632,3.25
22,512,OracleX,.14520098874736936,.14087109145740231,404451e-9,0
22,512,OracleZ,.14991187669640868,.14182473673440907,404311e-9,0
22,512,Ridge,.15031203452291925,.14134278837143874,682628e-9,0
22,1024,NaiveX,.13976193412011645,.13862127473145053,67327e-9,0
22,1024,NaiveZ,.1454083555422759,.13977972926830393,6593e-8,0
22,1024,FullInfo,.1432108159393031,.1425459958016587,64952e-9,0
22,1024,MLE,.11638893813446252,.10698257144811668,.00329567,2.4875377672618875
22,1024,MM,.14296684226891562,.1385872303777106,97429e-9,2.7903064133969386
22,1024,EmpBayesX,.1403917434925595,.13903231531392016,.00144327,.5065154468100279
22,1024,Rescaled,.14553466156126568,.14016538089364766,.00144327,.25325772340501396
22,1024,Rescaled_0.125,.1406703201823737,.13755541750692762,.00144327,4.052123574480223
22,1024,Rescaled_0.25,.1437101017796222,.13908722475875337,.00144327,2.0260617872401117
22,1024,Rescaled_1.0,.1454102983786414,.1402506012033324,.00144327,.5065154468100279
22,1024,Rescaled_2.0,.14553466156126568,.14016538089364766,.00144327,.25325772340501396
22,1024,Rescaled_4.0,.1454749394165867,.1403561848997601,.00144327,.12662886170250698
22,1024,Rescaled_8.0,.14546784021046796,.14008435674724434,.00144327,.06331443085125349
22,1024,ExactStein,.1403838054840448,.1367536608634425,.045362262,5
22,1024,ImpulseStein,.1403838054840448,.1367536608634425,.035183525,4.77
22,1024,OracleX,.13986644084648986,.13940508525308964,.00144299,.613747610345102
22,1024,OracleZ,.1454749394165867,.1403561848997601,.001439568,.10488558244728831
22,1024,Ridge,.14541118307492767,.1402514951761277,.002229055,.10488558244728831
22,2048,NaiveX,.1394287320867249,.1376176827373956,152254e-9,0
22,2048,NaiveZ,.14521565774207362,.1394579310419911,133676e-9,0
22,2048,FullInfo,.14299058126986375,.14230597562097486,132768e-9,0
22,2048,MLE,.11684967499963263,.1086681327788096,.003818293,2.5436934589769913
22,2048,MM,.14230379109594787,.1377431962613578,184381e-9,2.8555030041817497
22,2048,EmpBayesX,.1401720685693704,.13798090505989374,.005093105,.6535034171517101
22,2048,Rescaled,.1453676812827901,.13966009260983356,.005093105,.32675170857585506
22,2048,Rescaled_0.125,.13950310887137748,.135892842419928,.005093105,5.228027337213681
22,2048,Rescaled_0.25,.14348382739950383,.13831007635462733,.005093105,2.6140136686068405
22,2048,Rescaled_1.0,.14529760197316222,.13958615401170754,.005093105,.6535034171517101
22,2048,Rescaled_2.0,.1453676812827901,.13966009260983356,.005093105,.32675170857585506
22,2048,Rescaled_4.0,.14528874141851641,.13973706654268758,.005093105,.16337585428792753
22,2048,Rescaled_8.0,.14515816171512086,.139363033353265,.005093105,.08168792714396376
22,2048,ExactStein,.13993397711123245,.13615717656167992,.10044329,5
22,2048,ImpulseStein,.14415897878366604,.1388881642600821,.079987756,1.77
22,2048,OracleX,.1400907697779401,.13800770995115802,.006033728,.683769950335174
22,2048,OracleZ,.14528874141851641,.13973706654268758,.005273436,.15257391327572853
22,2048,Ridge,.14526891562280841,.139583328019929,.002169619,.15257391327572853
22,4096,NaiveX,.147088654553781,.14675898338763738,28188e-8,0
22,4096,NaiveZ,.1533791220328821,.14872598863182085,277619e-9,0
22,4096,FullInfo,.15097702137626917,.15106178832312336,277829e-9,0
22,4096,MLE,.12172165932237505,.1159285930770171,.008503595,2.4570868206582683
22,4096,MM,.1506368947829025,.1470759666143041,390273e-9,2.6789423511514983
22,4096,EmpBayesX,.14757121573164272,.1471139622204056,.023088201,.5222657309259422
22,4096,Rescaled,.15339911152967475,.14884533970879413,.023088201,.2611328654629711
22,4096,Rescaled_0.125,.1489605554346199,.14592234776540386,.023088201,4.178125847407538
22,4096,Rescaled_0.25,.15173303052618253,.14776632963750155,.023088201,2.089062923703769
22,4096,Rescaled_1.0,.15334693916443354,.14869432248146094,.023088201,.5222657309259422
22,4096,Rescaled_2.0,.15339911152967475,.14884533970879413,.023088201,.2611328654629711
22,4096,Rescaled_4.0,.15344302619980488,.1488565286176296,.023088201,.13056643273148555
22,4096,Rescaled_8.0,.15338265756544645,.14884607292209534,.023088201,.06528321636574277
22,4096,ExactStein,.14938541005184935,.14617560938849497,.210113451,4
22,4096,ImpulseStein,.14915214590329903,.1460985919447109,.170150618,4.12
22,4096,OracleX,.14757076477036007,.1472925570094074,.022664056,.5547268821281617
22,4096,OracleZ,.15340344041717796,.14891384128035878,.023206303,.11343151616478406
22,4096,Ridge,.15337673466866825,.1486837265180277,.004156954,.11343151616478406
22,8192,NaiveX,.1487643510168114,.1482030825646051,588762e-9,0
22,8192,NaiveZ,.1545107551471832,.15010981963576586,585689e-9,0
22,8192,FullInfo,.15227753513888242,.15217335413924585,582127e-9,0
22,8192,MLE,.1244320731133352,.1190488609237301,.016296695,2.382979107746812
22,8192,MM,.15180141533811667,.14824109579964906,768044e-9,2.5809888213653776
22,8192,EmpBayesX,.14902368965586194,.14833737283227927,.087459096,.146165752972542
22,8192,Rescaled,.15457157347902065,.15009781821933527,.087459096,.073082876486271
22,8192,Rescaled_0.125,.15399238467936138,.14982238600093833,.087459096,1.169326023780336
22,8192,Rescaled_0.25,.15442640447785283,.15018415180514955,.087459096,.584663011890168
22,8192,Rescaled_1.0,.15460358847992012,.15010652894122656,.087459096,.146165752972542
22,8192,Rescaled_2.0,.15457157347902065,.15009781821933527,.087459096,.073082876486271
22,8192,Rescaled_4.0,.15457987679636678,.15010630881920045,.087459096,.0365414382431355
22,8192,Rescaled_8.0,.15454965043290092,.1501128513687806,.087459096,.01827071912156775
22,8192,ExactStein,.14985523795169808,.14662749070130837,.433076162,4.12
22,8192,ImpulseStein,.1512774808233453,.14788047197542564,.355461403,2.91
22,8192,OracleX,.14893157548934727,.14838693708420508,.088031027,.2808761817157892
22,8192,OracleZ,.1542847482999299,.15021399525046264,.086754538,.6326599323735774
22,8192,Ridge,.1545455889395406,.15010220881036918,.009591652,.6326599323735774
22,16384,NaiveX,.15177643945362546,.15182703880955814,.001279981,0
22,16384,NaiveZ,.15760525769170422,.15357583774068792,.001248412,0
22,16384,FullInfo,.1552246789220717,.15569949683900772,.001246039,0
22,16384,MLE,.12661211178440268,.12206981140300495,.031709758,2.386215470026057
22,16384,MM,.15438201498978496,.15132372081942438,.001601181,2.585219533643159
22,16384,EmpBayesX,.15182292386926044,.1518211530748913,.34662718,.07039014677921912
22,16384,Rescaled,.15759890868683252,.1535741884734081,.34662718,.03519507338960956
22,16384,Rescaled_0.125,.15725412893382273,.15353986592177,.34662718,.563121174233753
22,16384,Rescaled_0.25,.15751882138139053,.1536256114766108,.34662718,.2815605871168765
22,16384,Rescaled_1.0,.157600483560881,.15355132695845836,.34662718,.07039014677921912
22,16384,Rescaled_2.0,.15759890868683252,.1535741884734081,.34662718,.03519507338960956
22,16384,Rescaled_4.0,.15760141491973717,.15358035242844675,.34662718,.01759753669480478
22,16384,Rescaled_8.0,.1576064185094032,.15357844848179888,.34662718,.00879876834740239
22,16384,ExactStein,.15518000388906739,.15193528499429027,.907137563,2.15
22,16384,ImpulseStein,.1575933836934005,.15354817454467404,.751203278,.1
22,16384,OracleX,.15178121653570736,.15191572512067347,.346490151,.17347269693078157
22,16384,OracleZ,.1574821720266188,.15365892577249868,.353019472,.3084031289490295
22,16384,Ridge,.15737124999863245,.1536130864935078,.018441452,.3084031289490295
22,32768,NaiveX,.1539621254109647,.15410942337544573,.002735613,0
22,32768,NaiveZ,.15987608431293027,.1559365307884547,.002713194,0
22,32768,FullInfo,.1577205613660077,.15797076429503365,.00270153,0
22,32768,MLE,.1281298601141431,.12371901900114066,.063357917,2.390295199914196
22,32768,MM,.15714983410115385,.15395384774070256,.003365442,2.600024724376139
22,32768,EmpBayesX,.1540505654063361,.15418333559787167,1.417716038,.33668653264171133
22,32768,Rescaled,.15983279234388578,.1559676060189545,1.417716038,.16834326632085567
22,32768,Rescaled_0.125,.15693659235584514,.15377328644243501,1.417716038,2.6934922611336907
22,32768,Rescaled_0.25,.15898451770003535,.15545983999994228,1.417716038,1.3467461305668453
22,32768,Rescaled_1.0,.15971509282272706,.15601584856611145,1.417716038,.33668653264171133
22,32768,Rescaled_2.0,.15983279234388578,.1559676060189545,1.417716038,.16834326632085567
22,32768,Rescaled_4.0,.15984983881910736,.15595151135555882,1.417716038,.08417163316042783
22,32768,Rescaled_8.0,.1598508956314548,.15593856686637864,1.417716038,.04208581658021392
22,32768,ExactStein,.15548813958672905,.15249247285001424,1.903713314,3.79
22,32768,ImpulseStein,.1560783577291029,.15298770837127912,1.588768656,3.33
22,32768,OracleX,.15402493038886977,.15422726877367188,1.443693643,.16795122721007322
22,32768,OracleZ,.15969229469030904,.15605356777193474,1.395866262,.3973287060739113
22,32768,Ridge,.1596633629075389,.15602779208917178,.037477042,.3973287060739113
22,65536,NaiveX,.1535063970740174,.15319381318524197,.00605943,0
22,65536,NaiveZ,.1594469974539319,.1550350752313602,.005964935,0
22,65536,FullInfo,.15726755139241294,.15710932615117146,.006007328,0
22,65536,MLE,.127880237491882,.1229810473982419,.161112806,2.3991542932918106
22,65536,MM,.15675101435212327,.15311336418360688,.00737049,2.610789420159352
22,65536,EmpBayesX,.1536883494416164,.15331449603871725,5.57909054,.6451459072173346
22,65536,Rescaled,.15936407277623443,.15509083139587593,5.57909054,.3225729536086673
22,65536,Rescaled_0.125,.1531463570886703,.150015364843192,5.57909054,5.1611672577386765
22,65536,Rescaled_0.25,.15679144249055976,.153160729183278,5.57909054,2.5805836288693382
22,65536,Rescaled_1.0,.15920183138700048,.15501113117987114,5.57909054,.6451459072173346
22,65536,Rescaled_2.0,.15936407277623443,.15509083139587593,5.57909054,.3225729536086673
22,65536,Rescaled_4.0,.1594119947822322,.15508223343667943,5.57909054,.16128647680433364
22,65536,Rescaled_8.0,.15942144222401228,.1550705502176344,5.57909054,.08064323840216682
22,65536,ExactStein,.1555653801079959,.1521125934471349,4.090389148,3.43
22,65536,ImpulseStein,.15571819948893517,.15227470701764084,3.471434741,3.3
22,65536,OracleX,.15366674898535782,.15336084472340747,5.489540675,.3238443437580381
22,65536,OracleZ,.1593225055973413,.15511348555536533,5.485344959,.39981928802496985
22,65536,Ridge,.15931386849606033,.15509458205945895,.071306763,.39981928802496985
22,131072,NaiveX,.1541735400286597,.15401740495688404,.013124364,0
22,131072,NaiveZ,.1600374351530378,.15587157755130793,.013006333,0
22,131072,FullInfo,.15791415469435804,.15793107191094014,.013673527,0
22,131072,MLE,.12867765044415208,.12383907480760653,.28360471,2.3962364505363443
22,131072,MM,.1574786935483943,.15398060403251013,.015698086,2.6054100245003258
22,131072,EmpBayesX,.15429578063866337,.15414311677853235,22.685995545,.2800476542445658
22,131072,Rescaled,.16001355325069033,.15591478210123239,22.685995545,.1400238271222829
22,131072,Rescaled_0.125,.15796932503526417,.1544087173413191,22.685995545,2.2403812339565263
22,131072,Rescaled_0.25,.15941906385909965,.1555213912442943,22.685995545,1.1201906169782632
22,131072,Rescaled_1.0,.15996516836196512,.1559222560679619,22.685995545,.2800476542445658
22,131072,Rescaled_2.0,.16001355325069033,.15591478210123239,22.685995545,.1400238271222829
22,131072,Rescaled_4.0,.1600257601584295,.15590975684771813,22.685995545,.07001191356114145
22,131072,Rescaled_8.0,.16003182064374633,.15587512036291556,22.685995545,.035005956780570724
22,131072,ExactStein,.15654758631118026,.15314979855419464,8.762895129,3.29
22,131072,ImpulseStein,.15642686747442697,.15302889294016597,7.495931222,3.39
22,131072,OracleX,.15429438331041095,.154144563854077,22.718499119,.27541350534553055
22,131072,OracleZ,.1599977188894869,.15593313750812482,22.393767462,.21022733846310768
22,131072,Ridge,.1599145162510564,.1559014303469966,.150189001,.21022733846310768
23,256,NaiveX,.15494504071265547,.15263146253302412,50565e-9,0
23,256,NaiveZ,.16385354357931742,.1541053113903516,20324e-9,0
23,256,FullInfo,.1587528313356008,.1571802290819365,19835e-9,0
23,256,MLE,.12502656478626456,.11732677983417406,574584e-9,2.206576776059463
23,256,MM,.16447541565389057,.15344576322517342,30102e-9,2.535700199200731
23,256,EmpBayesX,.15675257954966654,.15224033511755075,150647e-9,1.987480366114798
23,256,Rescaled,.16412947428832372,.15337023467889105,150647e-9,.993740183057399
23,256,Rescaled_0.125,.1550905647839339,.14882161900098223,150647e-9,15.899842928918384
23,256,Rescaled_0.25,.15705098928179298,.15007816835329577,150647e-9,7.949921464459192
23,256,Rescaled_1.0,.16447541565389057,.15344576322517342,150647e-9,1.987480366114798
23,256,Rescaled_2.0,.16412947428832372,.15337023467889105,150647e-9,.993740183057399
23,256,Rescaled_4.0,.16350113325334797,.15391749764302964,150647e-9,.4968700915286995
23,256,Rescaled_8.0,.16308127495962538,.1543911519764128,150647e-9,.24843504576434974
23,256,ExactStein,.16342464189097222,.15221897850168375,.01118159,4.56
23,256,ImpulseStein,.16447541565389057,.15344576322517342,.007195818,3.02
23,256,OracleX,.15494504071265547,.15263146253302412,150508e-9,0
23,256,OracleZ,.16308127495962538,.1543911519764128,1188e-7,.14048996490199392
23,256,Ridge,.16350113325334797,.15391749764302964,447683e-9,.14048996490199392
23,512,NaiveX,.14132790160685496,.14019493883334744,34502e-9,0
23,512,NaiveZ,.14737753993574218,.14121769843515614,32825e-9,0
23,512,FullInfo,.14550182945329104,.14459661117087946,33385e-9,0
23,512,MLE,.11971665866837328,.11039703764373664,.001010114,2.439229570906652
23,512,MM,.14711971708154276,.14047814632947303,50007e-9,2.709337115510317
23,512,EmpBayesX,.14155674658442757,.14016322788598662,441676e-9,.3165074586287009
23,512,Rescaled,.14737753993574218,.14121769843515614,441676e-9,.15825372931435044
23,512,Rescaled_0.125,.14711971708154276,.14047814632947303,441676e-9,2.532059669029607
23,512,Rescaled_0.25,.14751644569819686,.14076873611014276,441676e-9,1.2660298345148036
23,512,Rescaled_1.0,.14721226857547684,.14126021373131387,441676e-9,.3165074586287009
23,512,Rescaled_2.0,.14737753993574218,.14121769843515614,441676e-9,.15825372931435044
23,512,Rescaled_4.0,.14737753993574218,.14121769843515614,441676e-9,.07912686465717522
23,512,Rescaled_8.0,.14737753993574218,.14121769843515614,441676e-9,.03956343232858761
23,512,ExactStein,.14764795187038804,.14033141910771066,.020604017,2.37
23,512,ImpulseStein,.14711971708154276,.14047814632947303,.014166187,2.79
23,512,OracleX,.14132790160685496,.14019493883334744,449708e-9,0
23,512,OracleZ,.14721226857547684,.14126021373131387,453409e-9,.19446745076333394
23,512,Ridge,.14745098157305095,.14119689912161365,.002016038,.19446745076333394
23,1024,NaiveX,.14086100650644134,.13784880220927598,67258e-9,0
23,1024,NaiveZ,.14789909570281431,.14012704697061634,66e-6,0
23,1024,FullInfo,.14579428484932316,.1425459958016587,67118e-9,0
23,1024,MLE,.11887063482881813,.10656619409508551,.001939912,2.5017844206062443
23,1024,MM,.1453078769515463,.13810818873097766,93937e-9,2.808581510818855
23,1024,EmpBayesX,.14107157287623476,.13795886142629543,.001516464,.04117783067566301
23,1024,Rescaled,.14789909570281431,.14012704697061634,.001516464,.020588915337831505
23,1024,Rescaled_0.125,.14783085713631106,.1401462722871713,.001516464,.3294226454053041
23,1024,Rescaled_0.25,.14794159129988885,.14010495845342574,.001516464,.16471132270265204
23,1024,Rescaled_1.0,.14789909570281431,.14012704697061634,.001516464,.04117783067566301
23,1024,Rescaled_2.0,.14789909570281431,.14012704697061634,.001516464,.020588915337831505
23,1024,Rescaled_4.0,.14789909570281431,.14012704697061634,.001516464,.010294457668915753
23,1024,Rescaled_8.0,.14789909570281431,.14012704697061634,.001516464,.005147228834457876
23,1024,ExactStein,.14472248721926537,.1373103905321905,.045196878,3.98
23,1024,ImpulseStein,.1450910174649952,.13810127076772014,.035032108,3.37
23,1024,OracleX,.14091632236459783,.13831308263380837,.001536089,.07942325087596998
23,1024,OracleZ,.1483529405166767,.14025601414661246,.002589086,.7169185707611626
23,1024,Ridge,.14776814239608474,.1401444917944877,.001175848,.7169185707611626
23,2048,NaiveX,.14026285472378994,.13705445930075605,135422e-9,0
23,2048,NaiveZ,.14765593176913772,.14034483337574866,134026e-9,0
23,2048,FullInfo,.14541503339804973,.14230597562097486,133257e-9,0
23,2048,MLE,.11870270728803234,.10866481349547555,.003826115,2.5445478376571233
23,2048,MM,.14560149382319124,.13789350068808404,185079e-9,2.852876305025128
23,2048,EmpBayesX,.1409566225737288,.13736208636072048,.00606383,1.105198326171806
23,2048,Rescaled,.14797549602159787,.14011581839466858,.00606383,.552599163085903
23,2048,Rescaled_0.125,.13887684693030922,.1326075222482374,.00606383,8.841586609374447
23,2048,Rescaled_0.25,.14374313356592727,.13637119578826745,.00606383,4.420793304687224
23,2048,Rescaled_1.0,.1475920113107688,.1396062230373652,.00606383,1.105198326171806
23,2048,Rescaled_2.0,.14797549602159787,.14011581839466858,.00606383,.552599163085903
23,2048,Rescaled_4.0,.1477030063202801,.14024086103748945,.00606383,.2762995815429515
23,2048,Rescaled_8.0,.14768053335142178,.1403006215134273,.00606383,.13814979077147574
23,2048,ExactStein,.14444719575152692,.13703717158433112,.10106795,4.19
23,2048,ImpulseStein,.14400242299789093,.1366014758740765,.079702174,4.41
23,2048,OracleX,.1408220845196145,.13770155401195527,.006878878,.5476952955342812
23,2048,OracleZ,.14765593176913772,.14034483337574866,.005200801,0
23,2048,Ridge,.14794075665474893,.14001079278758716,.002127016,0
23,4096,NaiveX,.1474549812068367,.14663979699904298,278108e-9,0
23,4096,NaiveZ,.15387816135700383,.14895028987113745,279365e-9,0
23,4096,FullInfo,.1516668665191205,.15106178832312336,277828e-9,0
23,4096,MLE,.1226653317011291,.11535172019029097,.008362167,2.4451444982300896
23,4096,MM,.15202112154904351,.14683967229114042,370648e-9,2.6649703493856682
23,4096,EmpBayesX,.14828531610002743,.14712795882974064,.023627655,.9727366617442416
23,4096,Rescaled,.1538226335863987,.14873932773901788,.023627655,.4863683308721208
23,4096,Rescaled_0.125,.1460762679074305,.1413257673566652,.023627655,7.7818932939539325
23,4096,Rescaled_0.25,.15040026144839358,.14540926433560059,.023627655,3.8909466469769662
23,4096,Rescaled_1.0,.1536894018338234,.1484660633307616,.023627655,.9727366617442416
23,4096,Rescaled_2.0,.1538226335863987,.14873932773901788,.023627655,.4863683308721208
23,4096,Rescaled_4.0,.15385792309452517,.14874681346598256,.023627655,.2431841654360604
23,4096,Rescaled_8.0,.1537064157947013,.1488652549161601,.023627655,.1215920827180302
23,4096,ExactStein,.15067888631949636,.14549556483495635,.208204899,3.83
23,4096,ImpulseStein,.1495408217888392,.1447274599151193,.169611234,4.7
23,4096,OracleX,.14822158959566895,.14714846375156618,.023548246,.9925433417527415
23,4096,OracleZ,.15387816135700383,.14895028987113745,.023432449,0
23,4096,Ridge,.15386775316543672,.1487699918629976,.004187404,0
23,8192,NaiveX,.14861693887783314,.14837644815894355,604965e-9,0
23,8192,NaiveZ,.15431030814806596,.15001941020573872,586806e-9,0
23,8192,FullInfo,.15246573168716904,.15217335413924585,586666e-9,0
23,8192,MLE,.12467553018425392,.11877059630628166,.015587946,2.376855366518006
23,8192,MM,.152112239815028,.14802607941581608,759035e-9,2.576823680963372
23,8192,EmpBayesX,.14888327746814006,.148482520418753,.087772195,.18303819344985547
23,8192,Rescaled,.15435322245312766,.15002210276608985,.087772195,.09151909672492774
23,8192,Rescaled_0.125,.1534820775458617,.149473339502325,.087772195,1.4643055475988438
23,8192,Rescaled_0.25,.15415547715894357,.14993836032430877,.087772195,.7321527737994219
23,8192,Rescaled_1.0,.15438773470567796,.15011011610435487,.087772195,.18303819344985547
23,8192,Rescaled_2.0,.15435322245312766,.15002210276608985,.087772195,.09151909672492774
23,8192,Rescaled_4.0,.15435716844610153,.15002694367870234,.087772195,.04575954836246387
23,8192,Rescaled_8.0,.1543107696116884,.15003054743003258,.087772195,.022879774181231934
23,8192,ExactStein,.1510350441967142,.14707489220731026,.433869699,3.61
23,8192,ImpulseStein,.15059918643854503,.14657335429095075,.354956451,3.85
23,8192,OracleX,.14885153149193833,.14849165115511978,.089672786,.14861868565939287
23,8192,OracleZ,.15437535853957746,.15021200780259192,.087776106,.3442840458183399
23,8192,Ridge,.1543988416897393,.15012257617486985,.00895044,.3442840458183399
23,16384,NaiveX,.15133674157750765,.15181697793451587,.001268388,0
23,16384,NaiveZ,.15729201366259937,.153656911090676,.001260286,0
23,16384,FullInfo,.15543163904216858,.15569949683900772,.001257562,0
23,16384,MLE,.12722828567951722,.12213947528611163,.031730711,2.385315703342471
23,16384,MM,.15437285527409828,.15139484850926563,.001593848,2.5858431442168506
23,16384,EmpBayesX,.1515952491008717,.15194194298896796,.357690877,.24329492759908608
23,16384,Rescaled,.15735659875353514,.15369818128161314,.357690877,.12164746379954304
23,16384,Rescaled_0.125,.15535285326050843,.15222828897710622,.357690877,1.9463594207926886
23,16384,Rescaled_0.25,.15681859294288342,.1532989859849172,.357690877,.9731797103963443
23,16384,Rescaled_1.0,.1573469246877666,.15366065140382243,.357690877,.24329492759908608
23,16384,Rescaled_2.0,.15735659875353514,.15369818128161314,.357690877,.12164746379954304
23,16384,Rescaled_4.0,.15733315562642228,.15367456204992952,.357690877,.06082373189977152
23,16384,Rescaled_8.0,.15733388872633722,.153677137564836,.357690877,.03041186594988576
23,16384,ExactStein,.15398782499673933,.1508756797405722,.907100617,3.02
23,16384,ImpulseStein,.1510191917806539,.14819989222695978,.751335418,4.98
23,16384,OracleX,.15153151133563658,.15195615051044425,.359598801,.26790013731631296
23,16384,OracleZ,.15733971038003647,.15372988752634364,.361149277,.15904834847337246
23,16384,Ridge,.1572511790788657,.15357489202518365,.017850803,.15904834847337246
23,32768,NaiveX,.15406430318733277,.15414274812481193,.002694057,0
23,32768,NaiveZ,.1598625209564031,.15595677996992124,.003393029,0
23,32768,FullInfo,.1580006066559666,.15797076429503365,.002696293,0
23,32768,MLE,.12849947945030188,.12339297690468878,.064216407,2.3886411279409505
23,32768,MM,.15725605986160426,.1539171754436781,.003397429,2.5990835524654057
23,32768,EmpBayesX,.15427054559080167,.15424919023356876,1.419503835,.25868617337619504
23,32768,Rescaled,.15988226537302508,.1559656869370047,1.419503835,.12934308668809752
23,32768,Rescaled_0.125,.15796263806234465,.15448857998581997,1.419503835,2.0694893870095603
23,32768,Rescaled_0.25,.15937452319591364,.15553863672867274,1.419503835,1.0347446935047802
23,32768,Rescaled_1.0,.15990463858377107,.15595871078938728,1.419503835,.25868617337619504
23,32768,Rescaled_2.0,.15988226537302508,.1559656869370047,1.419503835,.12934308668809752
23,32768,Rescaled_4.0,.15986945949156478,.15596608471728485,1.419503835,.06467154334404876
23,32768,Rescaled_8.0,.15984606317219324,.15595025250260358,1.419503835,.03233577167202438
23,32768,ExactStein,.1567565757445275,.15339577393957404,1.904225461,3.03
23,32768,ImpulseStein,.15412491732429923,.1509553376244307,1.58836665,4.91
23,32768,OracleX,.15425312658036716,.15426163370673357,1.369193806,.2808021710315412
23,32768,OracleZ,.15988637870393393,.1559913023940761,1.379619993,.1998865763111338
23,32768,Ridge,.15981670541224952,.15587186528661212,.035199308,.1998865763111338
23,65536,NaiveX,.15333253332935948,.1532801570325576,.006034427,0
23,65536,NaiveZ,.1591118265513621,.1551303947659883,.006018153,0
23,65536,FullInfo,.1571583670216237,.15710932615117146,.006577652,0
23,65536,MLE,.1280945164347264,.12276694575647759,.124224875,2.3993829021444926
23,65536,MM,.15651062156197487,.15312363059068704,.007279767,2.612140041645944
23,65536,EmpBayesX,.15348547750494757,.15342546700711907,5.503875179,.24687125791799258
23,65536,Rescaled,.15913446705959722,.1551462307589241,5.503875179,.12343562895899629
23,65536,Rescaled_0.125,.1574225737960981,.15389887358846516,5.503875179,1.9749700633439407
23,65536,Rescaled_0.25,.15862107715840637,.15479218122673058,5.503875179,.9874850316719703
23,65536,Rescaled_1.0,.15912175557261612,.1551525997295597,5.503875179,.24687125791799258
23,65536,Rescaled_2.0,.15913446705959722,.1551462307589241,5.503875179,.12343562895899629
23,65536,Rescaled_4.0,.15911336803300666,.15513889111104984,5.503875179,.061717814479498145
23,65536,Rescaled_8.0,.15912126763600298,.1551293759136102,5.503875179,.030858907239749073
23,65536,ExactStein,.1559727689463826,.15265097587971732,4.089628367,3.01
23,65536,ImpulseStein,.15313208275662557,.15008643417183068,3.462126923,4.98
23,65536,OracleX,.15348486950768825,.15342930298818852,5.596945394,.24562306586434604
23,65536,OracleZ,.1591092651294716,.15517624551208234,5.470817623,.16996954213737833
23,65536,Ridge,.15908006217051385,.1551121795533472,.071922833,.16996954213737833
23,131072,NaiveX,.1542306271436698,.15406419276464423,.013075335,0
23,131072,NaiveZ,.1599179055291647,.15589614992632422,.013655089,0
23,131072,FullInfo,.15793385528321485,.15793107191094014,.013226053,0
23,131072,MLE,.12898429571268255,.12366714072826837,.252525059,2.3938367200924136
23,131072,MM,.15734293709932384,.15396325552704715,.016304937,2.6008244891608516
23,131072,EmpBayesX,.15435879828103266,.15413862911986723,22.500493883,.17459281149855696
23,131072,Rescaled,.15992831202979346,.15591861080117259,22.500493883,.08729640574927848
23,131072,Rescaled_0.125,.1589705056526005,.15531823458053562,22.500493883,1.3967424919884557
23,131072,Rescaled_0.25,.15969911867300146,.15580878833428782,22.500493883,.6983712459942278
23,131072,Rescaled_1.0,.15992314599475174,.1559153696551095,22.500493883,.17459281149855696
23,131072,Rescaled_2.0,.15992831202979346,.15591861080117259,22.500493883,.08729640574927848
23,131072,Rescaled_4.0,.1599162565875447,.15589924459632454,22.500493883,.04364820287463924
23,131072,Rescaled_8.0,.1599195922263951,.15590409840735195,22.500493883,.02182410143731962
23,131072,ExactStein,.15488324127446895,.1517446162623599,8.769229523,4.42
23,131072,ImpulseStein,.15452115143255318,.15143467201733135,7.491200103,4.65
23,131072,OracleX,.15435238131865758,.15415512421907068,22.549974827,.1950575668446109
23,131072,OracleZ,.15988103489413863,.15593295985325062,22.317045765,.28837292250726915
23,131072,Ridge,.15986814054227472,.15590730145346965,.150799973,.28837292250726915
24,256,NaiveX,.14742116033756647,.15170089942482679,54336e-9,0
24,256,NaiveZ,.15631240358970758,.15569046531568254,22139e-9,0
24,256,FullInfo,.15332598729827326,.1571802290819365,19415e-9,0
24,256,MLE,.12048027189009883,.11599042293934136,.002291493,2.2419009011349327
24,256,MM,.1523700707003979,.15371529072085788,34083e-9,2.619917952752907
24,256,EmpBayesX,.14811926588099644,.15153191815267048,144362e-9,.1407812844354499
24,256,Rescaled,.15631240358970758,.15569046531568256,144362e-9,.07039064221772495
24,256,Rescaled_0.125,.1560409181498042,.15491769423174506,144362e-9,1.1262502754835992
24,256,Rescaled_0.25,.15662996745443547,.15470238307891654,144362e-9,.5631251377417996
24,256,Rescaled_1.0,.15631240358970758,.15569046531568256,144362e-9,.1407812844354499
24,256,Rescaled_2.0,.15631240358970758,.15569046531568256,144362e-9,.07039064221772495
24,256,Rescaled_4.0,.15631240358970758,.15569046531568254,144362e-9,.035195321108862476
24,256,Rescaled_8.0,.15631240358970758,.15569046531568254,144362e-9,.017597660554431238
24,256,ExactStein,.14987839895636024,.1531320170808061,.009436675,5
24,256,ImpulseStein,.14987839895636024,.1531320170808061,.006941036,5
24,256,OracleX,.14783051291780194,.1521875586862555,146527e-9,1.0616353151329467
24,256,OracleZ,.15631240358970758,.15569046531568254,125714e-9,0
24,256,Ridge,.15631240358970758,.15569046531568256,439162e-9,0
24,512,NaiveX,.1381014638660839,.13964036454278173,34501e-9,0
24,512,NaiveZ,.14402153456528405,.14224108988000092,34082e-9,0
24,512,FullInfo,.14166060245159384,.14459661117087946,32965e-9,0
24,512,MLE,.11608176853427547,.11084219379000816,.001020591,2.4424479254271754
24,512,MM,.13964631162434782,.13919523910481302,49797e-9,2.717090971327463
24,512,EmpBayesX,.13937173501976638,.1405474038414298,460463e-9,.38840211897715526
24,512,Rescaled,.1440768766967908,.1422292774679037,460463e-9,.19420105948857763
24,512,Rescaled_0.125,.13964631162434782,.13919523910481302,460463e-9,3.107216951817242
24,512,Rescaled_0.25,.1428566972519681,.14050750112452493,460463e-9,1.553608475908621
24,512,Rescaled_1.0,.14408500680605985,.14220828384693834,460463e-9,.38840211897715526
24,512,Rescaled_2.0,.1440768766967908,.1422292774679037,460463e-9,.19420105948857763
24,512,Rescaled_4.0,.14408626067724473,.14219324816269358,460463e-9,.09710052974428882
24,512,Rescaled_8.0,.14408626067724473,.14219324816269358,460463e-9,.04855026487214441
24,512,ExactStein,.1440768766967908,.1422292774679037,.020689712,.21
24,512,ImpulseStein,.13928270367926132,.1388586976474482,.015368574,4.51
24,512,OracleX,.13937173501976638,.1405474038414298,460812e-9,.38840211897715526
24,512,OracleZ,.1446556444597905,.1428910187307427,45348e-8,.7726000387947077
24,512,Ridge,.14408500680605985,.14220828384693834,700858e-9,.7726000387947077
24,1024,NaiveX,.13726327166560393,.1384415983555573,65302e-9,0
24,1024,NaiveZ,.1419401201988642,.1402758435054569,6593e-8,0
24,1024,FullInfo,.13960802293909336,.1425459958016587,65022e-9,0
24,1024,MLE,.11235239391790972,.10836447961579024,.001935232,2.481694648479996
24,1024,MM,.1401197690064006,.13828298250133697,93447e-9,2.7884495077304825
24,1024,EmpBayesX,.13854737524136324,.1389884238511498,.00160181,.8690933355642929
24,1024,Rescaled,.14194909159991878,.1402687680353443,.00160181,.43454666778214646
24,1024,Rescaled_0.125,.13712812953613768,.1346547473274394,.00160181,6.952746684514343
24,1024,Rescaled_0.25,.13982846691017248,.13760820864058598,.00160181,3.4763733422571717
24,1024,Rescaled_1.0,.14207123069814798,.13989420879556833,.00160181,.8690933355642929
24,1024,Rescaled_2.0,.14194909159991878,.1402687680353443,.00160181,.43454666778214646
24,1024,Rescaled_4.0,.1419296029589489,.14026260304277519,.00160181,.21727333389107323
24,1024,Rescaled_8.0,.14186603696031963,.14022513360661448,.00160181,.10863666694553661
24,1024,ExactStein,.13854595103205192,.13606978890735624,.045196948,4.96
24,1024,ImpulseStein,.13854595103205192,.13606978890735624,.036218991,4.9
24,1024,OracleX,.13820963302489847,.13905490853238694,.001607467,.5097807043102207
24,1024,OracleZ,.14197105908104737,.1403570595808889,.001532178,.002854911899543934
24,1024,Ridge,.1420259459697989,.1402753695526301,.001158108,.002854911899543934
24,2048,NaiveX,.1363822368552102,.1380803630470247,137308e-9,0
24,2048,NaiveZ,.14258291464531742,.13996646990349954,132e-6,0
24,2048,FullInfo,.13998204822256688,.14230597562097486,132e-6,0
24,2048,MLE,.1122950024458586,.10943045996133248,.003812565,2.5503606629451054
24,2048,MM,.1408807289718591,.13792259340698154,185079e-9,2.8706069854153506
24,2048,EmpBayesX,.13734409485166904,.13834199149633766,.006712585,.6648738541929149
24,2048,Rescaled,.14261388275406098,.13970566908431203,.006712585,.33243692709645745
24,2048,Rescaled_0.125,.13833382536927316,.13530907884975463,.006712585,5.318990833543319
24,2048,Rescaled_0.25,.14098090609871766,.13816652102266797,.006712585,2.6594954167716596
24,2048,Rescaled_1.0,.1425746301428102,.1395990504385652,.006712585,.6648738541929149
24,2048,Rescaled_2.0,.14261388275406098,.13970566908431203,.006712585,.33243692709645745
24,2048,Rescaled_4.0,.1426538076653131,.13980242086383307,.006712585,.16621846354822872
24,2048,Rescaled_8.0,.14265142605824926,.14000449815441696,.006712585,.08310923177411436
24,2048,ExactStein,.14047978830585164,.1372474747243207,.099827988,3.45
24,2048,ImpulseStein,.14099343132900755,.13811059509836304,.08125307,2.7
24,2048,OracleX,.1372653296194209,.1383557070225756,.005748776,.3943940072138633
24,2048,OracleZ,.14264440179853988,.140046231126151,.005478979,.04436498358787545
24,2048,Ridge,.14257477746654923,.1396970102050143,.003039353,.04436498358787545
24,4096,NaiveX,.14583326492582108,.14712103635616253,280622e-9,0
24,4096,NaiveZ,.15158900812715057,.1487245596014308,280623e-9,0
24,4096,FullInfo,.14901759403326,.15106178832312336,276362e-9,0
24,4096,MLE,.11911952465853853,.116244648254826,.007528821,2.449923825904439
24,4096,MM,.14958334150518837,.14697803395009107,37421e-8,2.680737945439069
24,4096,EmpBayesX,.1463640501500767,.14741591063063714,.021724131,.20002156296753876
24,4096,Rescaled,.1516222219256252,.14871089604368487,.021724131,.10001078148376938
24,4096,Rescaled_0.125,.1503061653037402,.1481363049849784,.021724131,1.60017250374031
24,4096,Rescaled_0.25,.15110404179531695,.14850751494264694,.021724131,.800086251870155
24,4096,Rescaled_1.0,.15163871009428942,.1487489727239038,.021724131,.20002156296753876
24,4096,Rescaled_2.0,.1516222219256252,.14871089604368487,.021724131,.10001078148376938
24,4096,Rescaled_4.0,.15161920886493455,.1487220162793282,.021724131,.05000539074188469
24,4096,Rescaled_8.0,.15161920886493455,.1487220162793282,.021724131,.025002695370942345
24,4096,ExactStein,.14958334150518837,.14697803395009107,.243223248,2.7
24,4096,ImpulseStein,.14958429600874512,.14697871770855037,.169917767,2.62
24,4096,OracleX,.1463640501500767,.14741591063063714,.021885325,.20002156296753876
24,4096,OracleZ,.15156742379366522,.1488267565640395,.022989446,.24717536164347156
24,4096,Ridge,.15146862564518856,.14872186243425473,.004999938,.24717536164347156
24,8192,NaiveX,.1478092617136621,.14841239068816472,609155e-9,0
24,8192,NaiveZ,.15346643253917483,.15005161369188863,600565e-9,0
24,8192,FullInfo,.15107949227434903,.15217335413924585,586946e-9,0
24,8192,MLE,.12307829529778017,.11942906455539595,.015672454,2.376807313359593
24,8192,MM,.15085669108873634,.14812145943010477,772793e-9,2.5799291720724016
24,8192,EmpBayesX,.14809394004270837,.1485650980964635,.08580756,.5398490378315522
24,8192,Rescaled,.1533037899913303,.15013401139453308,.08580756,.2699245189157761
24,8192,Rescaled_0.125,.14861861306025828,.14581014705452933,.08580756,4.318792302652418
24,8192,Rescaled_0.25,.15136663919683124,.14859959937226794,.08580756,2.159396151326209
24,8192,Rescaled_1.0,.15316913100270765,.15000085063010343,.08580756,.5398490378315522
24,8192,Rescaled_2.0,.1533037899913303,.15013401139453308,.08580756,.2699245189157761
24,8192,Rescaled_4.0,.15340379533213602,.15012813940848685,.08580756,.13496225945788806
24,8192,Rescaled_8.0,.1534306558882226,.15010651256723798,.08580756,.06748112972894403
24,8192,ExactStein,.15100147796902963,.14824574661916062,.431674936,2.51
24,8192,ImpulseStein,.15100147796902963,.14824574661916062,.353897378,2.5
24,8192,OracleX,.14809354648402467,.14856931854094835,.085389979,.5416153628604046
24,8192,OracleZ,.15328385803598227,.15015938435364778,.083770569,.29115352689009016
24,8192,Ridge,.15326870282041138,.15006450433763885,.008795671,.29115352689009016
24,16384,NaiveX,.15103236369773856,.15173295724303418,.001268877,0
24,16384,NaiveZ,.15701053697151846,.1535645009118603,.001252464,0
24,16384,FullInfo,.15471703905666856,.15569949683900772,.001261613,0
24,16384,MLE,.12600145242266197,.1222133938447052,.031464825,2.3816901680334617
24,16384,MM,.1543244229596155,.151432631050387,.001594616,2.582354967216716
24,16384,EmpBayesX,.15123560753710052,.15193033934812744,.350668196,.5141674524531462
24,16384,Rescaled,.1569445706253487,.1535203297909522,.350668196,.2570837262265731
24,16384,Rescaled_0.125,.15185041806308075,.14909053589153412,.350668196,4.11333961962517
24,16384,Rescaled_0.25,.15509080343626888,.15209907825783497,.350668196,2.056669809812585
24,16384,Rescaled_1.0,.15681258136962195,.1534265340447022,.350668196,.5141674524531462
24,16384,Rescaled_2.0,.1569445706253487,.1535203297909522,.350668196,.2570837262265731
24,16384,Rescaled_4.0,.1570271490290377,.15353821051026606,.350668196,.12854186311328655
24,16384,Rescaled_8.0,.15701637124419882,.15355841711691548,.350668196,.06427093155664328
24,16384,ExactStein,.1549045896104375,.1519571084719837,.904952438,2.24
24,16384,ImpulseStein,.15140790093634218,.14874803375199608,.749099519,4.41
24,16384,OracleX,.15121866269323392,.1519422497448213,.355457981,.33048085153757045
24,16384,OracleZ,.15699650321444442,.15358499995011018,.357003848,.02942941582987712
24,16384,Ridge,.15688958602990574,.15348880376731577,.018093572,.02942941582987712
24,32768,NaiveX,.1536350836060144,.15400962638862895,.002707677,0
24,32768,NaiveZ,.15960955215300343,.15595420812774785,.00268868,0
24,32768,FullInfo,.15728642936916268,.15797076429503365,.00269769,0
24,32768,MLE,.12788809364360318,.12357328422335467,.062487345,2.3879189519750272
24,32768,MM,.15698248543986898,.15396366704068187,.003342464,2.598922586834272
24,32768,EmpBayesX,.15379774756208056,.15418146963554064,1.390958306,.4371341096783533
24,32768,Rescaled,.15959654865500927,.15590899344530912,1.390958306,.21856705483917666
24,32768,Rescaled_0.125,.15564329451470876,.15283974195617406,1.390958306,3.4970728774268265
24,32768,Rescaled_0.25,.15823226574145485,.1549886011397535,1.390958306,1.7485364387134132
24,32768,Rescaled_1.0,.15940673661021298,.15582371016220614,1.390958306,.4371341096783533
24,32768,Rescaled_2.0,.15959654865500927,.15590899344530912,1.390958306,.21856705483917666
24,32768,Rescaled_4.0,.15962572526960195,.15589367516369512,1.390958306,.10928352741958833
24,32768,Rescaled_8.0,.15962053400775394,.15593377075914389,1.390958306,.054641763709794164
24,32768,ExactStein,.15624161417717614,.15339085198956498,1.902609124,3.1
24,32768,ImpulseStein,.1552142283507712,.15240924125263783,1.584848115,3.86
24,32768,OracleX,.15379774756208056,.15418146963554064,1.386008374,.4371341096783533
24,32768,OracleZ,.15960443111968012,.1559567050076413,1.390995042,.007702205895579811
24,32768,Ridge,.15943884768785044,.15583843399753247,.035813633,.007702205895579811
24,65536,NaiveX,.15289217734782318,.15332024620275403,.005962979,0
24,65536,NaiveZ,.1588213607207682,.1551712854212741,.006040363,0
24,65536,FullInfo,.1565730538734253,.15710932615117146,.006010262,0
24,65536,MLE,.127612164070075,.12309754085685264,.156640311,2.398943552805417
24,65536,MM,.15630114282137303,.1532079205037417,.007717323,2.6094215248772805
24,65536,EmpBayesX,.15303448736496006,.15344956458453787,5.47675951,.521594530623748
24,65536,Rescaled,.15876010538875468,.15516316161040625,5.47675951,.260797265311874
24,65536,Rescaled_0.125,.154047727519665,.15116263232322982,5.47675951,4.172756244989984
24,65536,Rescaled_0.25,.15697384184300972,.15376004809121246,5.47675951,2.086378122494992
24,65536,Rescaled_1.0,.15860495736857802,.15510443781551303,5.47675951,.521594530623748
24,65536,Rescaled_2.0,.15876010538875468,.15516316161040625,5.47675951,.260797265311874
24,65536,Rescaled_4.0,.15881992704326542,.15516365774697244,5.47675951,.130398632655937
24,65536,Rescaled_8.0,.15880390265498318,.15517092851210282,5.47675951,.0651993163279685
24,65536,ExactStein,.15559857757295864,.15263118820123656,4.097518617,3.14
24,65536,ImpulseStein,.1547092404119495,.15172951355082032,3.463370936,3.76
24,65536,OracleX,.15303445627957055,.15344970160555277,5.485104915,.5209249021809877
24,65536,OracleZ,.15881203511395106,.1551824809037859,5.426086376,.00906164916299865
24,65536,Ridge,.15867070670596042,.15511198017575156,.071537239,.00906164916299865
24,131072,NaiveX,.15402304350022988,.15415015966907786,.013117241,0
24,131072,NaiveZ,.15982738437999916,.15597622351482504,.013144688,0
24,131072,FullInfo,.15774177113784693,.15793107191094014,.013201539,0
24,131072,MLE,.12855618755572928,.12384694147624094,.288052971,2.394833267146011
24,131072,MM,.15727835327371634,.15401984994178647,.016162879,2.6020680266291043
24,131072,EmpBayesX,.15417051124636935,.15427256181273577,22.405281426,.3798768063585171
24,131072,Rescaled,.15983118015286454,.15601010398841586,22.405281426,.18993840317925856
24,131072,Rescaled_0.125,.15669043532114038,.15354086325247757,22.405281426,3.039014450868137
24,131072,Rescaled_0.25,.15874728739708382,.1552254857181355,22.405281426,1.5195072254340685
24,131072,Rescaled_1.0,.1597385887890076,.15596140021504218,22.405281426,.3798768063585171
24,131072,Rescaled_2.0,.15983118015286454,.15601010398841586,22.405281426,.18993840317925856
24,131072,Rescaled_4.0,.15984223612963228,.15598620539680752,22.405281426,.09496920158962928
24,131072,Rescaled_8.0,.1598431623471256,.15597826456877864,22.405281426,.04748460079481464
24,131072,ExactStein,.15657990891934398,.1534305162700792,8.817750079,3.14
24,131072,ImpulseStein,.15604854927380402,.1529470627200847,7.480211136,3.5
24,131072,OracleX,.15415576646286794,.15429071446883316,22.64118859,.49583450194828144
24,131072,OracleZ,.15983017593532908,.1560124006646747,22.212612862,.18436273029414438
24,131072,Ridge,.15972454234370204,.1559553099783993,.150032696,.18436273029414438
25,256,NaiveX,.1592713923981293,.15110564420583567,50076e-9,0
25,256,NaiveZ,.17039068455123635,.15499721965221358,20743e-9,0
25,256,FullInfo,.16592259296498013,.1571802290819365,19486e-9,0
25,256,MLE,.12907515272222725,.11702384437939599,573886e-9,2.149827275482692
25,256,MM,.16659083546117281,.1537765267889432,29473e-9,2.411514754997829
25,256,EmpBayesX,.1592713923981293,.15110564420583567,147296e-9,0
25,256,Rescaled,.17039068455123635,.15499721965221358,147296e-9,0
25,256,Rescaled_0.125,.17039068455123635,.15499721965221358,147296e-9,0
25,256,Rescaled_0.25,.17039068455123635,.15499721965221358,147296e-9,0
25,256,Rescaled_1.0,.17039068455123635,.15499721965221358,147296e-9,0
25,256,Rescaled_2.0,.17039068455123635,.15499721965221358,147296e-9,0
25,256,Rescaled_4.0,.17039068455123635,.15499721965221358,147296e-9,0
25,256,Rescaled_8.0,.17039068455123635,.15499721965221358,147296e-9,0
25,256,ExactStein,.1664625817320476,.15380016827813348,.011159659,4.42
25,256,ImpulseStein,.16436623439863562,.15349073088170742,.006907861,5
25,256,OracleX,.15879292382161359,.15150594619096514,133536e-9,1.3552519960156264
25,256,OracleZ,.17078730885012222,.15552853274765022,128299e-9,.6854731344150249
25,256,Ridge,.17059090570799051,.15531822450837338,438323e-9,.6854731344150249
25,512,NaiveX,.14428838564755564,.13949276266342037,3513e-8,0
25,512,NaiveZ,.15140921832520102,.14250202947749718,32685e-9,0
25,512,FullInfo,.1483193945830329,.14459661117087946,32965e-9,0
25,512,MLE,.12221361434814632,.11267788564110492,.001009556,2.414793886993721
25,512,MM,.14951912927767103,.14110256702841387,49657e-9,2.6578259140551297
25,512,EmpBayesX,.14671243108408394,.14076699118791902,418001e-9,.9108539646785999
25,512,Rescaled,.15154877701043423,.14295481011301148,418001e-9,.45542698233929996
25,512,Rescaled_0.125,.14252002868953467,.1371768780962243,418001e-9,7.286831717428799
25,512,Rescaled_0.25,.14839806046180998,.13985194594743106,418001e-9,3.6434158587143997
25,512,Rescaled_1.0,.15083430661228697,.1422882594164983,418001e-9,.9108539646785999
25,512,Rescaled_2.0,.15154877701043423,.14295481011301148,418001e-9,.45542698233929996
25,512,Rescaled_4.0,.15137036591483619,.1429747594903028,418001e-9,.22771349116964998
25,512,Rescaled_8.0,.1515651666120079,.14293317664368946,418001e-9,.11385674558482499
25,512,ExactStein,.14643701163482953,.13921733765335992,.020689503,5
25,512,ImpulseStein,.14643701163482953,.13921733765335992,.013924047,4.89
25,512,OracleX,.146007641533544,.1412328622050174,.001739048,1.2823212733377278
25,512,OracleZ,.15137036591483619,.14297475949030278,43546e-8,.14954419638910108
25,512,Ridge,.15108607458026782,.1427681006326076,703721e-9,.14954419638910108
25,1024,NaiveX,.1376803270434931,.13692684851500164,66139e-9,0
25,1024,NaiveZ,.14613321156463638,.14044268187944958,66419e-9,0
25,1024,FullInfo,.14351607918969989,.1425459958016587,66558e-9,0
25,1024,MLE,.11426915882022481,.10928156914638483,.001932369,2.488931061542525
25,1024,MM,.14428513672193366,.13838197462001756,93657e-9,2.779173604239677
25,1024,EmpBayesX,.13954885478298132,.13810981078103357,.001437334,.612400429034457
25,1024,Rescaled,.14645805907776518,.14053047300238516,.001437334,.3062002145172285
25,1024,Rescaled_0.125,.14209637621811005,.1360763818979554,.001437334,4.899203432275656
25,1024,Rescaled_0.25,.1451677841362142,.13892337263037474,.001437334,2.449601716137828
25,1024,Rescaled_1.0,.14614692493775608,.1401238604599895,.001437334,.612400429034457
25,1024,Rescaled_2.0,.14645805907776518,.14053047300238516,.001437334,.3062002145172285
25,1024,Rescaled_4.0,.14606743817798964,.14041759766806813,.001437334,.15310010725861425
25,1024,Rescaled_8.0,.14595778275904547,.14038572920290698,.001437334,.07655005362930713
25,1024,ExactStein,.14209637621811005,.1360763818979554,.044841806,4.91
25,1024,ImpulseStein,.1451677841362142,.13892337263037474,.034776629,2.36
25,1024,OracleX,.13915153493759072,.13833441017346843,.002485302,1.2327368017469058
25,1024,OracleZ,.1462710257711939,.14073506995595153,.001474559,.22553467211643244
25,1024,Ridge,.14642440534768303,.14038801147582136,.001150356,.22553467211643244
25,2048,NaiveX,.13616250227145624,.13695274788287998,135003e-9,0
25,2048,NaiveZ,.14439394998377564,.14024109269399468,133746e-9,0
25,2048,FullInfo,.14229607825602253,.14230597562097486,131581e-9,0
25,2048,MLE,.11415090220442908,.1097013352071531,.003801392,2.5430745260150034
25,2048,MM,.14205463451334727,.1381631259686153,18047e-8,2.8461875088232165
25,2048,EmpBayesX,.13795514817944537,.13782541827924652,.005964096,.41877423406846503
25,2048,Rescaled,.14444279502479934,.14044476879781165,.005964096,.20938711703423252
25,2048,Rescaled_0.125,.14146123019113171,.137837969364688,.005964096,3.3501938725477203
25,2048,Rescaled_0.25,.1433128512076431,.13948009718926485,.005964096,1.6750969362738601
25,2048,Rescaled_1.0,.14424835653244633,.14024145620640838,.005964096,.41877423406846503
25,2048,Rescaled_2.0,.14444279502479934,.14044476879781165,.005964096,.20938711703423252
25,2048,Rescaled_4.0,.14438403407060135,.14049812471126633,.005964096,.10469355851711626
25,2048,Rescaled_8.0,.14445117164335258,.1402791759937368,.005964096,.05234677925855813
25,2048,ExactStein,.13958722884892316,.136175062312955,.100668947,4.86
25,2048,ImpulseStein,.14146058071519846,.13783845476334394,.080940181,3.43
25,2048,OracleX,.13744739744623266,.1380284008298579,.005929874,1.1987810126481717
25,2048,OracleZ,.14438403407060135,.14049812471126633,.005237398,.07936428741995775
25,2048,Ridge,.14428437143895748,.14029361066225093,.002134838,.07936428741995775
25,4096,NaiveX,.14647461515433163,.14681310428395744,282857e-9,0
25,4096,NaiveZ,.153590739037806,.14915064575647397,2772e-7,0
25,4096,FullInfo,.15097158666605542,.15106178832312336,279015e-9,0
25,4096,MLE,.12088335268768688,.1159023477802453,.008391849,2.4459206919815966
25,4096,MM,.15148575894059613,.14765816240750473,374e-6,2.655041963463579
25,4096,EmpBayesX,.14666925912282314,.14694965113063777,.023737795,.298213546530061
25,4096,Rescaled,.153648226281289,.14922015624222712,.023737795,.1491067732650305
25,4096,Rescaled_0.125,.151650295255901,.14776910387113365,.023737795,2.385708372240488
25,4096,Rescaled_0.25,.15312393561383003,.14849505158796755,.023737795,1.192854186120244
25,4096,Rescaled_1.0,.15345559678166126,.14928998591970527,.023737795,.298213546530061
25,4096,Rescaled_2.0,.153648226281289,.14922015624222712,.023737795,.1491067732650305
25,4096,Rescaled_4.0,.15364308665108467,.1491868149545332,.023737795,.07455338663251525
25,4096,Rescaled_8.0,.15358483048402594,.149194640330354,.023737795,.037276693316257624
25,4096,ExactStein,.15148575894059613,.14765816240750473,.209569667,2.69
25,4096,ImpulseStein,.15154121760318862,.14772796228943938,.170775138,2.54
25,4096,OracleX,.14666925912282314,.14694965113063777,.023953744,.298213546530061
25,4096,OracleZ,.1534285258890108,.14929048542120707,.023847027,.3073573072995722
25,4096,Ridge,.15335653207359923,.14924288721116696,.004307392,.3073573072995722
25,8192,NaiveX,.14814416246518247,.14802261655908905,608946e-9,0
25,8192,NaiveZ,.15448163976885548,.15025989238937631,591276e-9,0
25,8192,FullInfo,.15236820478475266,.15217335413924585,58541e-8,0
25,8192,MLE,.12411553441063272,.11870356724848163,.01585474,2.3784905643090783
25,8192,MM,.15192193173271315,.14844065743895166,788717e-9,2.574792203078419
25,8192,EmpBayesX,.14861187264607834,.14817102099700738,.087776665,.8300143407721638
25,8192,Rescaled,.1543613006599275,.15013039444659454,.087776665,.4150071703860819
25,8192,Rescaled_0.125,.14571589570415752,.14325661399507778,.087776665,6.640114726177311
25,8192,Rescaled_0.25,.15088317862779338,.14762093743674493,.087776665,3.3200573630886554
25,8192,Rescaled_1.0,.1541718568539703,.14985446261756866,.087776665,.8300143407721638
25,8192,Rescaled_2.0,.1543613006599275,.15013039444659454,.087776665,.4150071703860819
25,8192,Rescaled_4.0,.1544957368550719,.15017346674541415,.087776665,.20750358519304096
25,8192,Rescaled_8.0,.15451891729047043,.15023187005626845,.087776665,.10375179259652048
25,8192,ExactStein,.15088317862779338,.14762093743674493,.43453773,3.35
25,8192,ImpulseStein,.15324907616208636,.149312079476603,.356725879,1.66
25,8192,OracleX,.14855059839505164,.14826401583394694,.088291814,.4092398962070995
25,8192,OracleZ,.15448751495156593,.15028089775883827,.08706568,.06991572982761132
25,8192,Ridge,.1543613006599275,.15013039444659454,.00897684,.06991572982761132
25,16384,NaiveX,.1513954596893758,.1515292649296926,.001264128,0
25,16384,NaiveZ,.157585955511669,.15350907878907807,.001270902,0
25,16384,FullInfo,.15535691941955793,.15569949683900772,.001250997,0
25,16384,MLE,.12663055781766377,.12149007002203686,.031791613,2.3798251112709616
25,16384,MM,.15465352642038327,.15122861150092407,.00161054,2.573594456166696
25,16384,EmpBayesX,.15155915491398847,.15166958908916528,.355136361,.3491838315442632
25,16384,Rescaled,.15752556543161506,.15351648318397976,.355136361,.1745919157721316
25,16384,Rescaled_0.125,.15424061431088038,.15084488232574836,.355136361,2.7934706523541055
25,16384,Rescaled_0.25,.15649858199968636,.15278931812443677,.355136361,1.3967353261770528
25,16384,Rescaled_1.0,.15745681201666734,.153428223504588,.355136361,.3491838315442632
25,16384,Rescaled_2.0,.15752556543161506,.15351648318397976,.355136361,.1745919157721316
25,16384,Rescaled_4.0,.1575718198499278,.15351382505872974,.355136361,.0872959578860658
25,16384,Rescaled_8.0,.1575819158652531,.15351339057485958,.355136361,.0436479789430329
25,16384,ExactStein,.15390460381476767,.15052780461134344,.909446865,3.11
25,16384,ImpulseStein,.15225804666514303,.1492605228881281,.750457792,4.12
25,16384,OracleX,.15155846838990758,.15172114595313646,.356714775,.3209032274412958
25,16384,OracleZ,.15755106606297775,.15354329451524884,.354455131,.12256473647593445
25,16384,Ridge,.15745998722877735,.1534364084135479,.018465057,.12256473647593445
25,32768,NaiveX,.15370844866399197,.15400898565685145,.002695733,0
25,32768,NaiveZ,.1597691757708381,.15585922574335326,.00271529,0
25,32768,FullInfo,.1577125672851099,.15797076429503365,.002692382,0
25,32768,MLE,.1283798308888472,.12334888014006498,.064620089,2.3840037634783062
25,32768,MM,.15720509551579626,.15385267046805146,.003368026,2.5886885358288034
25,32768,EmpBayesX,.15385181806956916,.15397042893192636,1.40646335,.9896520498224329
25,32768,Rescaled,.15962302255452804,.1558568889176098,1.40646335,.49482602491121647
25,32768,Rescaled_0.125,.15048472433119753,.14781403206910373,1.40646335,7.9172163985794635
25,32768,Rescaled_0.25,.15531664734084757,.15218971084673286,1.40646335,3.9586081992897317
25,32768,Rescaled_1.0,.15917238643260728,.15559158607843565,1.40646335,.9896520498224329
25,32768,Rescaled_2.0,.15962302255452804,.1558568889176098,1.40646335,.49482602491121647
25,32768,Rescaled_4.0,.1597139751189729,.15589858648166632,1.40646335,.24741301245560823
25,32768,Rescaled_8.0,.15977609130556852,.1558828535073023,1.40646335,.12370650622780412
25,32768,ExactStein,.15630009199056083,.1530830027754339,1.897869974,3.25
25,32768,ImpulseStein,.15423687635967384,.15125206442400468,1.583007657,4.75
25,32768,OracleX,.15380537088652024,.1540762158568469,1.362976465,.3148622151273365
25,32768,OracleZ,.1597532036671584,.15591880072647055,1.368744098,.2098347588664252
25,32768,Ridge,.1596492384737862,.15586056292760792,.035609626,.2098347588664252
25,65536,NaiveX,.15329080168250508,.15308929294389054,.005977645,0
25,65536,NaiveZ,.15931040472394176,.15496957982686277,.005942865,0
25,65536,FullInfo,.15722041628153677,.15710932615117146,.005980439,0
25,65536,MLE,.1281343428069397,.12290436707585964,.1246405,2.3971617379069996
25,65536,MM,.15661976736234126,.15294568786352897,.007722211,2.6063448966600835
25,65536,EmpBayesX,.15343636776338646,.1532029055609911,5.473072938,.3473707175470239
25,65536,Rescaled,.1593179319390675,.15499869691917117,5.473072938,.17368535877351196
25,65536,Rescaled_0.125,.15636385791050494,.1527436725284257,5.473072938,2.7789657403761914
25,65536,Rescaled_0.25,.15826127580114496,.15433866817658942,5.473072938,1.3894828701880957
25,65536,Rescaled_1.0,.159239973252021,.15495806816056396,5.473072938,.3473707175470239
25,65536,Rescaled_2.0,.1593179319390675,.15499869691917117,5.473072938,.17368535877351196
25,65536,Rescaled_4.0,.15932082193282615,.15502025554826382,5.473072938,.08684267938675598
25,65536,Rescaled_8.0,.15931936816639244,.15499909314954552,5.473072938,.04342133969337799
25,65536,ExactStein,.15574219177768606,.1521901220757513,4.108208942,3.27
25,65536,ImpulseStein,.15570260506519207,.15214929620551834,3.456555125,3.29
25,65536,OracleX,.15343599931980612,.1532036404873064,5.520242204,.3469656351586734
25,65536,OracleZ,.1593210556753574,.155020986041562,5.536613351,.08822646310746148
25,65536,Ridge,.15919789739745033,.15496219374270426,.071234058,.08822646310746148
25,131072,NaiveX,.154178446536322,.15403584213076515,.013127647,0
25,131072,NaiveZ,.1601001055718478,.15593731738895622,.01305131,0
25,131072,FullInfo,.1580046743255034,.15793107191094014,.013192809,0
25,131072,MLE,.1289783552145527,.12386288905581241,.251506075,2.394504815665566
25,131072,MM,.15750715411349306,.15397604082284133,.016207158,2.6028603288509324
25,131072,EmpBayesX,.15432304455813073,.1541498770877579,22.960698354,.3440626675941388
25,131072,Rescaled,.16006162704917165,.15595374158428685,22.960698354,.1720313337970694
25,131072,Rescaled_0.125,.15729579477174385,.15380640250006664,22.960698354,2.7525013407531103
25,131072,Rescaled_0.25,.15907768259171215,.15530977546020008,22.960698354,1.3762506703765551
25,131072,Rescaled_1.0,.16000081327709126,.15591931862711006,22.960698354,.3440626675941388
25,131072,Rescaled_2.0,.16006162704917165,.15595374158428685,22.960698354,.1720313337970694
25,131072,Rescaled_4.0,.16009403766127905,.15595184320512193,22.960698354,.0860156668985347
25,131072,Rescaled_8.0,.16010847938669176,.15594477662471617,22.960698354,.04300783344926735
25,131072,ExactStein,.15658635965076026,.15321567531347505,8.772282216,3.25
25,131072,ImpulseStein,.156947904496538,.1535059366264338,7.483027207,3.02
25,131072,OracleX,.15431965019547234,.15416123750430794,22.577187225,.3563791838414365
25,131072,OracleZ,.16008194273916254,.15596025602608207,22.245684874,.13474868812479363
25,131072,Ridge,.15997724130222193,.1559186337522098,.15087149,.13474868812479363
26,256,NaiveX,.15237031878563276,.150776307106062,49517e-9,0
26,256,NaiveZ,.16444003228313053,.1555045404028569,21372e-9,0
26,256,FullInfo,.16254728445290276,.1571802290819365,19416e-9,0
26,256,MLE,.12722190529249544,.11650793997002545,574445e-9,2.2097856323941754
26,256,MM,.15934179618715769,.15360819082622756,3101e-8,2.4999994951828435
26,256,EmpBayesX,.1534832274051369,.15150703974356894,141638e-9,.17621078424746997
26,256,Rescaled,.16451044453849248,.15475394254442223,141638e-9,.08810539212373499
26,256,Rescaled_0.125,.16294161431965526,.15474327574349836,141638e-9,1.4096862739797598
26,256,Rescaled_0.25,.16308808148552506,.15476934912688323,141638e-9,.7048431369898799
26,256,Rescaled_1.0,.16436663356682885,.15474673944818518,141638e-9,.17621078424746997
26,256,Rescaled_2.0,.16451044453849248,.15475394254442223,141638e-9,.08810539212373499
26,256,Rescaled_4.0,.1646525505023735,.15514277214100475,141638e-9,.04405269606186749
26,256,Rescaled_8.0,.16444003228313053,.1555045404028569,141638e-9,.022026348030933746
26,256,ExactStein,.16294161431965526,.15474327574349836,.011208828,1.42
26,256,ImpulseStein,.16294161431965526,.15474327574349836,.006937823,1.38
26,256,OracleX,.15279557108899572,.15163149211599478,148063e-9,3.6335592099806786
26,256,OracleZ,.16444003228313053,.1555045404028569,125785e-9,0
26,256,Ridge,.16451044453849248,.15475394254442223,437276e-9,0
26,512,NaiveX,.1336836960582456,.1399180916358122,3513e-8,0
26,512,NaiveZ,.14319290422521908,.14236193886019127,33943e-9,0
26,512,FullInfo,.13932293598431028,.14459661117087946,33035e-9,0
26,512,MLE,.11075237716645464,.11164629161826474,.001017797,2.449489353863196
26,512,MM,.14078253506963173,.1391736328633486,50146e-9,2.726463101918749
26,512,EmpBayesX,.13502159732283292,.1399093741838376,433644e-9,.45676340765248946
26,512,Rescaled,.1431085348792715,.14205124311743178,433644e-9,.22838170382624473
26,512,Rescaled_0.125,.1397095277136399,.1385542222995596,433644e-9,3.6541072612199157
26,512,Rescaled_0.25,.1424556972553154,.14019958818663086,433644e-9,1.8270536306099578
26,512,Rescaled_1.0,.1431251855463428,.14181583061930453,433644e-9,.45676340765248946
26,512,Rescaled_2.0,.1431085348792715,.14205124311743178,433644e-9,.22838170382624473
26,512,Rescaled_4.0,.1430986282674682,.14243571180719636,433644e-9,.11419085191312237
26,512,Rescaled_8.0,.14319290422521908,.14236193886019127,433644e-9,.05709542595656118
26,512,ExactStein,.13880850322945873,.13799655217535145,.020574334,5
26,512,ImpulseStein,.13880850322945873,.13799655217535145,.014095019,4.82
26,512,OracleX,.1336836960582456,.1399180916358122,435321e-9,0
26,512,OracleZ,.14309998398243864,.14244180356134356,434762e-9,.07988653818344933
26,512,Ridge,.1431251855463428,.14181583061930453,.002030286,.07988653818344933
26,1024,NaiveX,.135820435739998,.13762230216512691,67187e-9,0
26,1024,NaiveZ,.14286571457464042,.14042742144258835,65232e-9,0
26,1024,FullInfo,.14092367282361712,.1425459958016587,64743e-9,0
26,1024,MLE,.11058734403678558,.10847929599366918,.001943474,2.517692232840763
26,1024,MM,.1406241335637346,.13808460618417642,9268e-8,2.8398896199671415
26,1024,EmpBayesX,.13660844781642784,.1375154392089143,.001467645,1.688811098396393
26,1024,Rescaled,.14287661158358353,.13964148207606145,.001467645,.8444055491981965
26,1024,Rescaled_0.125,.12930086834565735,.12717676871969485,.001467645,13.510488787171145
26,1024,Rescaled_0.25,.1373396339454257,.13563976383673162,.001467645,6.755244393585572
26,1024,Rescaled_1.0,.14199339833827693,.1389569289459275,.001467645,1.688811098396393
26,1024,Rescaled_2.0,.14287661158358353,.13964148207606145,.001467645,.8444055491981965
26,1024,Rescaled_4.0,.14302465845368884,.1401340863657788,.001467645,.4222027745990983
26,1024,Rescaled_8.0,.1430128005978195,.14055079287290945,.001467645,.21110138729954914
26,1024,ExactStein,.1383903055317652,.13616246076170335,.045236758,4.93
26,1024,ImpulseStein,.1383903055317652,.13616246076170335,.035158381,4.91
26,1024,OracleX,.135820435739998,.13762230216512691,.001491531,0
26,1024,OracleZ,.1430128005978195,.14055079287290945,.002330184,.15732611311496345
26,1024,Ridge,.14306415925035826,.14037873438062554,.00116195,.15732611311496345
26,2048,NaiveX,.13672484014661207,.13796983822780062,137308e-9,0
26,2048,NaiveZ,.14316856243490145,.1406427553888408,133467e-9,0
26,2048,FullInfo,.14132124737317872,.14230597562097486,131512e-9,0
26,2048,MLE,.1135341429706632,.1098757642880959,.003813403,2.5523323157114826
26,2048,MM,.14077501358661426,.13861846535400926,182285e-9,2.8735868121976917
26,2048,EmpBayesX,.13672484014661207,.13796983822780062,.005287893,0
26,2048,Rescaled,.14316856243490145,.1406427553888408,.005287893,0
26,2048,Rescaled_0.125,.14316856243490145,.1406427553888408,.005287893,0
26,2048,Rescaled_0.25,.14316856243490145,.1406427553888408,.005287893,0
26,2048,Rescaled_1.0,.14316856243490145,.1406427553888408,.005287893,0
26,2048,Rescaled_2.0,.14316856243490145,.1406427553888408,.005287893,0
26,2048,Rescaled_4.0,.14316856243490145,.1406427553888408,.005287893,0
26,2048,Rescaled_8.0,.14316856243490145,.1406427553888408,.005287893,0
26,2048,ExactStein,.14126384521586532,.13902273863797862,.100802623,2.7
26,2048,ImpulseStein,.13908935267970385,.137124825844912,.080427965,4.12
26,2048,OracleX,.13672484014661207,.13796983822780062,.006182071,0
26,2048,OracleZ,.1433092693270971,.1407021055889588,.005374845,.16959437049135148
26,2048,Ridge,.14338207156021307,.14048029375295235,.002149994,.16959437049135148
26,4096,NaiveX,.14683360271149398,.14727531431212554,287047e-9,0
26,4096,NaiveZ,.15266189709048503,.1492800512043322,280902e-9,0
26,4096,FullInfo,.1507126915965601,.15106178832312336,277619e-9,0
26,4096,MLE,.12047468045419481,.11549161849741928,.008422998,2.451407982464818
26,4096,MM,.15020228919747697,.14773722486260538,373441e-9,2.6689941323341406
26,4096,EmpBayesX,.14702372289904833,.14731026603701963,.022852627,.4452544827942357
26,4096,Rescaled,.15276155440091788,.14918719583515333,.022852627,.22262724139711784
26,4096,Rescaled_0.125,.14923087990342215,.14672127132126944,.022852627,3.5620358623538855
26,4096,Rescaled_0.25,.15115954560991512,.14843122502371792,.022852627,1.7810179311769427
26,4096,Rescaled_1.0,.15275719684757708,.14932627576002483,.022852627,.4452544827942357
26,4096,Rescaled_2.0,.15276155440091788,.14918719583515333,.022852627,.22262724139711784
26,4096,Rescaled_4.0,.15271045600907351,.14915847935689294,.022852627,.11131362069855892
26,4096,Rescaled_8.0,.15269657653385438,.14919714649879004,.022852627,.05565681034927946
26,4096,ExactStein,.1508681808421597,.1480201876747076,.242427546,2.29
26,4096,ImpulseStein,.14779832836022447,.14496515808090274,.169197354,4.91
26,4096,OracleX,.14695052630422764,.1474431431622707,.022586601,.7754920554271483
26,4096,OracleZ,.1527040233747213,.1493506681302182,.023026113,.4345251788188996
26,4096,Ridge,.15273079750204588,.14922327928314316,.004200604,.4345251788188996
26,8192,NaiveX,.1483698332591138,.14826468486322592,591974e-9,0
26,8192,NaiveZ,.15480296500502927,.1502047900776895,594419e-9,0
26,8192,FullInfo,.15299727460790036,.15217335413924585,591346e-9,0
26,8192,MLE,.12337492295002439,.11852126461492465,.016391679,2.3812693095970863
26,8192,MM,.15175328755231798,.14842809254463551,767695e-9,2.5832403773250054
26,8192,EmpBayesX,.14871374622412542,.14858840536756807,.0873257,.6051465386857549
26,8192,Rescaled,.1546817203735073,.15045324725465475,.0873257,.3025732693428774
26,8192,Rescaled_0.125,.14919352320774917,.14572520827069738,.0873257,4.841172309486039
26,8192,Rescaled_0.25,.15207631095575957,.1487560072502851,.0873257,2.4205861547430194
26,8192,Rescaled_1.0,.15430630901860953,.15047820161169553,.0873257,.6051465386857549
26,8192,Rescaled_2.0,.1546817203735073,.15045324725465475,.0873257,.3025732693428774
26,8192,Rescaled_4.0,.1547426012288446,.1502363653867027,.0873257,.1512866346714387
26,8192,Rescaled_8.0,.15479544375830692,.15020969114442945,.0873257,.07564331733571936
26,8192,ExactStein,.15016675876266403,.14659373655124713,.435174473,4.21
26,8192,ImpulseStein,.15000661814687807,.14644991468113722,.356980311,4.35
26,8192,OracleX,.14871374622412542,.14858840536756807,.087714507,.6051465386857549
26,8192,OracleZ,.15447062643359766,.15058362187767763,.084344734,.474870404381124
26,8192,Ridge,.15453763538760845,.15053124329801204,.009441564,.474870404381124
26,16384,NaiveX,.15212200570969567,.15160673115118173,.001267829,0
26,16384,NaiveZ,.15823640424606483,.15367768846757998,.001253301,0
26,16384,FullInfo,.15626209006391845,.15569949683900772,.001269645,0
26,16384,MLE,.1270102419598382,.12145824475957086,.031429555,2.3760583947834113
26,16384,MM,.15535321773241847,.15156924612993003,.001585886,2.566913279441578
26,16384,EmpBayesX,.15242016051942006,.15172501961242596,.349906088,.6791565310061156
26,16384,Rescaled,.15820447029964224,.15382915741034134,.349906088,.3395782655030578
26,16384,Rescaled_0.125,.15110063692652437,.14759210404194187,.349906088,5.433252248048925
26,16384,Rescaled_0.25,.15509818108353896,.15126435464765525,.349906088,2.7166261240244625
26,16384,Rescaled_1.0,.1578439036579371,.15360186097844514,.349906088,.6791565310061156
26,16384,Rescaled_2.0,.15820447029964224,.15382915741034134,.349906088,.3395782655030578
26,16384,Rescaled_4.0,.15823720249840773,.15385456657060403,.349906088,.1697891327515289
26,16384,Rescaled_8.0,.15824464622238724,.15376868696098123,.349906088,.08489456637576445
26,16384,ExactStein,.15334428311012543,.1494891000380555,.907012477,4.06
26,16384,ImpulseStein,.15651084709923963,.15245694766884596,.747830503,1.87
26,16384,OracleX,.1522648755228006,.15185028675694284,.349666253,.34869745335565683
26,16384,OracleZ,.15821800746306258,.1538928373332889,.351401879,.21287160762045892
26,16384,Ridge,.15820677911642478,.15382467863143662,.018112429,.21287160762045892
26,32768,NaiveX,.15488383225902375,.1543400347467588,.002706909,0
26,32768,NaiveZ,.16064554133698475,.1560733268142001,.002672546,0
26,32768,FullInfo,.15864487002636427,.15797076429503365,.002713543,0
26,32768,MLE,.1289263520243843,.12334220495304565,.062462412,2.3861667419908112
26,32768,MM,.1580488530274083,.15417597486839038,.003387581,2.5899570238437155
26,32768,EmpBayesX,.15495709811914354,.15447056860077657,1.371637692,.42863329771472325
26,32768,Rescaled,.160638064556744,.15619110871059078,1.371637692,.21431664885736162
26,32768,Rescaled_0.125,.1566508548709411,.15290160310186038,1.371637692,3.429066381717786
26,32768,Rescaled_0.25,.15918453799549154,.155116039767618,1.371637692,1.714533190858893
26,32768,Rescaled_1.0,.1604528169788324,.15612986559144057,1.371637692,.42863329771472325
26,32768,Rescaled_2.0,.160638064556744,.15619110871059078,1.371637692,.21431664885736162
26,32768,Rescaled_4.0,.16065873925302485,.15614524774639899,1.371637692,.10715832442868081
26,32768,Rescaled_8.0,.16064887792845575,.15612363868801749,1.371637692,.053579162214340406
26,32768,ExactStein,.1563492130420928,.15260671935758868,1.899004964,3.79
26,32768,ImpulseStein,.15648249353114263,.152758520377555,1.582109499,3.58
26,32768,OracleX,.15493782173252113,.15447241932868877,1.375477916,.4042079863320892
26,32768,OracleZ,.16061827560160868,.15620756776413736,1.350693688,.22862196387981748
26,32768,Ridge,.16052493814754487,.15617808835977448,.035448292,.22862196387981748
26,65536,NaiveX,.15350548032696734,.1533087339126105,.005978693,0
26,65536,NaiveZ,.15949579977894818,.1551138262035588,.006005862,0
26,65536,FullInfo,.15738292494716244,.15710932615117146,.006544199,0
26,65536,MLE,.1281863282991149,.12290094498782567,.157603212,2.4010126045545555
26,65536,MM,.1568605397303332,.15322233465787127,.00726042,2.6105386006025295
26,65536,EmpBayesX,.15364664093289943,.1534523916373043,5.561039292,.2777684944605099
26,65536,Rescaled,.1594902607424226,.15515857945591188,5.561039292,.13888424723025494
26,65536,Rescaled_0.125,.15735905383497498,.15368516347170919,5.561039292,2.222147955684079
26,65536,Rescaled_0.25,.15879143135943874,.15485402527495795,5.561039292,1.1110739778420395
26,65536,Rescaled_1.0,.1594095129891802,.15518052112081654,5.561039292,.2777684944605099
26,65536,Rescaled_2.0,.1594902607424226,.15515857945591188,5.561039292,.13888424723025494
26,65536,Rescaled_4.0,.15949322789880366,.15513605213865675,5.561039292,.06944212361512747
26,65536,Rescaled_8.0,.15948678970813013,.1551261425149581,5.561039292,.034721061807563736
26,65536,ExactStein,.1552329710154176,.15172728472808897,4.100309823,3.82
26,65536,ImpulseStein,.1568605397303332,.15322233465787127,3.448793174,2.61
26,65536,OracleX,.15364151677304716,.15347871924630604,5.543321885,.3821471523488733
26,65536,OracleZ,.1594401075563962,.15519048918673745,5.553040578,.22569065622658718
26,65536,Ridge,.15934634097287775,.1551640273515575,.071500922,.22569065622658718
26,131072,NaiveX,.1541128826448116,.1541638807680459,.013148111,0
26,131072,NaiveZ,.15997325988950087,.15595976147527987,.013081342,0
26,131072,FullInfo,.15784093077688388,.15793107191094014,.013635812,0
26,131072,MLE,.1286764726298819,.12382439379907545,.282414614,2.3950043354132418
26,131072,MM,.1573831627166612,.15404555883751336,.015598632,2.6019964282748096
26,131072,EmpBayesX,.15423436171278518,.15427806749822445,22.595339603,.24010018893140259
26,131072,Rescaled,.15997674952157764,.15597207151394427,22.595339603,.12005009446570129
26,131072,Rescaled_0.125,.15833737707151785,.15481953256789577,22.595339603,1.9208015114512207
26,131072,Rescaled_0.25,.15945541042905065,.15572555299722313,22.595339603,.9604007557256103
26,131072,Rescaled_1.0,.15994967921543893,.15599288427566155,22.595339603,.24010018893140259
26,131072,Rescaled_2.0,.15997674952157764,.15597207151394427,22.595339603,.12005009446570129
26,131072,Rescaled_4.0,.15997592648506398,.15596421334571597,22.595339603,.060025047232850647
26,131072,Rescaled_8.0,.15997664628472213,.15595935735568892,22.595339603,.030012523616425323
26,131072,ExactStein,.1560275196223811,.15284664620579297,8.756747209,3.57
26,131072,ImpulseStein,.15770595334781756,.1543303561113908,7.471125972,2.39
26,131072,OracleX,.15421416805547467,.1542882885103768,22.627967356,.3593077752665683
26,131072,OracleZ,.1599174148692492,.15601194183172135,22.16179341,.29808940837978615
26,131072,Ridge,.15985612584398534,.15597529069201083,.151633109,.29808940837978615
27,256,NaiveX,.1617004658536115,.15544508581946515,55873e-9,0
27,256,NaiveZ,.1662518290158387,.15482789995238022,20324e-9,0
27,256,FullInfo,.16226339306062196,.1571802290819365,19556e-9,0
27,256,MLE,.12975180981144657,.11541026529413519,570883e-9,2.155908777767081
27,256,MM,.1636841804536523,.15154147269286672,29822e-9,2.4314629882470333
27,256,EmpBayesX,.1617004658536115,.15544508581946515,126483e-9,0
27,256,Rescaled,.1662518290158387,.15482789995238022,126483e-9,0
27,256,Rescaled_0.125,.1662518290158387,.15482789995238022,126483e-9,0
27,256,Rescaled_0.25,.1662518290158387,.15482789995238022,126483e-9,0
27,256,Rescaled_1.0,.1662518290158387,.15482789995238022,126483e-9,0
27,256,Rescaled_2.0,.1662518290158387,.15482789995238022,126483e-9,0
27,256,Rescaled_4.0,.1662518290158387,.15482789995238022,126483e-9,0
27,256,Rescaled_8.0,.1662518290158387,.15482789995238022,126483e-9,0
27,256,ExactStein,.16366421791316207,.15152584008407466,.009346859,3.02
27,256,ImpulseStein,.16366421791316207,.15152584008407466,.006882789,2.77
27,256,OracleX,.1617004658536115,.15544508581946515,130604e-9,0
27,256,OracleZ,.1662518290158387,.15482789995238022,124388e-9,0
27,256,Ridge,.16620964495321178,.15426921131681756,437625e-9,0
27,512,NaiveX,.14101070755072911,.1409514952990848,3548e-8,0
27,512,NaiveZ,.14846690254296166,.14208667813315162,33245e-9,0
27,512,FullInfo,.14535346428753404,.14459661117087946,32546e-9,0
27,512,MLE,.11877245660254286,.11159184128599438,.002925722,2.415392546540948
27,512,MM,.144987289132304,.1394271042612835,52032e-9,2.6710908181947906
27,512,EmpBayesX,.1414405676319386,.14114524032823184,426381e-9,.5220516435760482
27,512,Rescaled,.1484756063049927,.14214821124437532,426381e-9,.2610258217880241
27,512,Rescaled_0.125,.14155112036500409,.13768779547330065,426381e-9,4.176413148608385
27,512,Rescaled_0.25,.14499164093449654,.13943086680234434,426381e-9,2.0882065743041927
27,512,Rescaled_1.0,.14858288791239058,.14180589067529575,426381e-9,.5220516435760482
27,512,Rescaled_2.0,.1484756063049927,.14214821124437532,426381e-9,.2610258217880241
27,512,Rescaled_4.0,.1484756063049927,.14214821124437532,426381e-9,.13051291089401204
27,512,Rescaled_8.0,.1484756063049927,.14214821124437532,426381e-9,.06525645544700602
27,512,ExactStein,.1484756063049927,.14214821124437532,.018970289,.05
27,512,ImpulseStein,.1441147233203677,.13855955312322404,.015397279,3.55
27,512,OracleX,.1413384404162612,.14129095385367968,430572e-9,.047627641844711084
27,512,OracleZ,.1484756063049927,.14214821124437532,429943e-9,.04415772290563745
27,512,Ridge,.1484756063049927,.14214821124437532,69953e-8,.04415772290563745
27,1024,NaiveX,.13809614937669337,.1381015693581928,67956e-9,0
27,1024,NaiveZ,.1446700402571013,.1406956531898128,6621e-8,0
27,1024,FullInfo,.1416559878205435,.1425459958016587,67188e-9,0
27,1024,MLE,.11316107344278355,.10656012280193701,.001938655,2.4913951838143356
27,1024,MM,.1411762144379864,.1374206071452325,92261e-9,2.7889445300513405
27,1024,EmpBayesX,.13851727530245386,.13824550838820587,.001592171,.21731211740726386
27,1024,Rescaled,.14462339096376203,.1406694887149873,.001592171,.10865605870363193
27,1024,Rescaled_0.125,.1427861995164238,.1389452225336554,.001592171,1.7384969392581109
27,1024,Rescaled_0.25,.1439091426067426,.13981458130835564,.001592171,.8692484696290554
27,1024,Rescaled_1.0,.14461631958464538,.14057583488213632,.001592171,.21731211740726386
27,1024,Rescaled_2.0,.14462339096376203,.1406694887149873,.001592171,.10865605870363193
27,1024,Rescaled_4.0,.14460620662597382,.14060310669458492,.001592171,.054328029351815965
27,1024,Rescaled_8.0,.14467057462957106,.14069593737450137,.001592171,.027164014675907983
27,1024,ExactStein,.13848889723716695,.13541668186128314,.046058581,4.66
27,1024,ImpulseStein,.1386676131466248,.1356536317890487,.034754629,4.54
27,1024,OracleX,.138375350290778,.13847322984776567,.001597549,.43333275611300254
27,1024,OracleZ,.144644533183516,.14077009250038908,.001580718,.06965186898765284
27,1024,Ridge,.14461607085963193,.14029950597451446,.001151054,.06965186898765284
27,2048,NaiveX,.1402964593883777,.13843539462018728,133746e-9,0
27,2048,NaiveZ,.14534679567431819,.14011914655095153,134096e-9,0
27,2048,FullInfo,.14309327348474066,.14230597562097486,131581e-9,0
27,2048,MLE,.11590849484602897,.10797193926646209,.004799702,2.529793210941887
27,2048,MM,.14236005718815475,.13800966648245694,183473e-9,2.826961897484615
27,2048,EmpBayesX,.14038300575602752,.1385518510114659,.005394052,.004052195246096593
27,2048,Rescaled,.14534679567431819,.14011914655095153,.005394052,.0020260976230482967
27,2048,Rescaled_0.125,.1452804212841962,.14024226958889321,.005394052,.03241756196877275
27,2048,Rescaled_0.25,.14528680115891965,.1401945455979467,.005394052,.016208780984386374
27,2048,Rescaled_1.0,.14534679567431819,.14011914655095153,.005394052,.004052195246096593
27,2048,Rescaled_2.0,.14534679567431819,.14011914655095153,.005394052,.0020260976230482967
27,2048,Rescaled_4.0,.14534679567431819,.14011914655095153,.005394052,.0010130488115241483
27,2048,Rescaled_8.0,.14534679567431819,.14011914655095153,.005394052,.0005065244057620742
27,2048,ExactStein,.14058762907305467,.1362922906708834,.099679156,4.79
27,2048,ImpulseStein,.13999924085390253,.13564313314895102,.081093063,5
27,2048,OracleX,.14024284016938446,.13864674742480215,.005403899,.3266793550735417
27,2048,OracleZ,.14521240089560136,.14034115063709396,.005668807,.14457481448456574
27,2048,Ridge,.1452249030932469,.14027124379269007,.003005201,.14457481448456574
27,4096,NaiveX,.14760537340281932,.14682005075923793,29026e-8,0
27,4096,NaiveZ,.15325663223590108,.1488053777246486,278876e-9,0
27,4096,FullInfo,.1514305972715379,.15106178832312336,278876e-9,0
27,4096,MLE,.12244227446184343,.11590977249425874,.007525468,2.4285673581735177
27,4096,MM,.15011924529010434,.14657922098366605,372603e-9,2.637567885926969
27,4096,EmpBayesX,.14768950624349916,.14680667452283014,.021690956,.052282079494671625
27,4096,Rescaled,.15326667753303713,.14880978751106372,.021690956,.026141039747335813
27,4096,Rescaled_0.125,.15323148820172422,.1487366332018834,.021690956,.418256635957373
27,4096,Rescaled_0.25,.15325743164127514,.14891024320019772,.021690956,.2091283179786865
27,4096,Rescaled_1.0,.15326775227513464,.14881039662082346,.021690956,.052282079494671625
27,4096,Rescaled_2.0,.15326667753303713,.14880978751106372,.021690956,.026141039747335813
27,4096,Rescaled_4.0,.15325663223590108,.1488053777246486,.021690956,.013070519873667906
27,4096,Rescaled_8.0,.15325663223590108,.1488053777246486,.021690956,.006535259936833953
27,4096,ExactStein,.14790025441789673,.14457590575333068,.209714098,4.75
27,4096,ImpulseStein,.14790025441789675,.1445759057533307,.171471666,4.73
27,4096,OracleX,.14741858016696663,.14696148475612564,.021526689,.30347617198390203
27,4096,OracleZ,.15327901811434858,.1489172295303266,.022137172,.10587280195011904
27,4096,Ridge,.1532390852183614,.14873305203367335,.005028852,.10587280195011904
27,8192,NaiveX,.14817990170386552,.14841570163668716,591556e-9,0
27,8192,NaiveZ,.1539334534716008,.15022819071885826,585409e-9,0
27,8192,FullInfo,.15199635960878477,.15217335413924585,584083e-9,0
27,8192,MLE,.1241939584162417,.1189583790379583,.015741946,2.369309671945289
27,8192,MM,.15090832202392546,.14804260384524526,761759e-9,2.5601989201255306
27,8192,EmpBayesX,.14830693917282917,.14846334278731602,.086761592,.09613091969394279
27,8192,Rescaled,.1540001979030766,.15023906565046058,.086761592,.048065459846971394
27,8192,Rescaled_0.125,.15327592024769288,.1499684850915718,.086761592,.7690473575515423
27,8192,Rescaled_0.25,.1537687055293435,.15012174183118804,.086761592,.38452367877577115
27,8192,Rescaled_1.0,.15398870527349381,.15024953292270676,.086761592,.09613091969394279
27,8192,Rescaled_2.0,.1540001979030766,.15023906565046058,.086761592,.048065459846971394
27,8192,Rescaled_4.0,.1539489148497993,.15024245168725875,.086761592,.024032729923485697
27,8192,Rescaled_8.0,.15393343894757794,.15022795500929126,.086761592,.012016364961742848
27,8192,ExactStein,.14777207284412675,.14527106395457196,.435692975,4.79
27,8192,ImpulseStein,.14768002320843532,.145194245646581,.358231309,4.89
27,8192,OracleX,.1482813272341244,.148485706943982,.086542499,.029538366864233535
27,8192,OracleZ,.1540125677104897,.15025609098853046,.087857122,.08558573611966226
27,8192,Ridge,.15373148291281746,.15011434531900814,.009009944,.08558573611966226
27,16384,NaiveX,.15111395064633695,.1515585199308025,.001257422,0
27,16384,NaiveZ,.15742981913657267,.15363750213954824,.001268667,0
27,16384,FullInfo,.1552866923193007,.15569949683900772,.001251416,0
27,16384,MLE,.12635863507640083,.1216437959120024,.031873467,2.373151941233959
27,16384,MM,.1543092183340995,.1511830678944756,.001614451,2.566035464010653
27,16384,EmpBayesX,.1512852124467059,.1516565567227693,.35741626,.31837249753315977
27,16384,Rescaled,.15738249805891222,.15367641356008382,.35741626,.15918624876657989
27,16384,Rescaled_0.125,.15434167989258762,.15119500480857917,.35741626,2.546979980265278
27,16384,Rescaled_0.25,.15637978777343642,.15281323149102916,.35741626,1.273489990132639
27,16384,Rescaled_1.0,.15726400074044072,.15359592816682766,.35741626,.31837249753315977
27,16384,Rescaled_2.0,.15738249805891222,.15367641356008382,.35741626,.15918624876657989
27,16384,Rescaled_4.0,.15743997243635166,.1536706701595406,.35741626,.07959312438328994
27,16384,Rescaled_8.0,.15746145712615622,.1536681708989021,.35741626,.03979656219164497
27,16384,ExactStein,.1538002196569051,.15069763628769983,.912706567,2.94
27,16384,ImpulseStein,.15109246215518052,.14818598992000953,.754369323,4.7
27,16384,OracleX,.15125698606424132,.15166071496361594,.353901499,.5755587182094895
27,16384,OracleZ,.1574057089277593,.15369181690281644,.344169465,.21552366010017976
27,16384,Ridge,.1571807512950894,.15356230006537036,.018650137,.21552366010017976
27,32768,NaiveX,.1537115421211871,.15386977945099917,.002720877,0
27,32768,NaiveZ,.15995907208638055,.15594778463123427,.00268861,0
27,32768,FullInfo,.15792741090549473,.15797076429503365,.002700623,0
27,32768,MLE,.1281770903566873,.12323269223381718,.065069797,2.380618034529912
27,32768,MM,.15709585623280015,.15377439150492506,.003364953,2.5869091071497996
27,32768,EmpBayesX,.15383708814502772,.15400801406387715,1.449729117,.4039567659173569
27,32768,Rescaled,.15994824597411472,.1559441637461813,1.449729117,.20197838295867845
27,32768,Rescaled_0.125,.15614080755367307,.1529045742750643,1.449729117,3.2316541273388553
27,32768,Rescaled_0.25,.15853532297176182,.15497900186962432,1.449729117,1.6158270636694276
27,32768,Rescaled_1.0,.15976269109700225,.1558973716760681,1.449729117,.4039567659173569
27,32768,Rescaled_2.0,.15994824597411472,.1559441637461813,1.449729117,.20197838295867845
27,32768,Rescaled_4.0,.1599279895365633,.1559438186729694,1.449729117,.10098919147933923
27,32768,Rescaled_8.0,.15995241009121827,.1559448710150707,1.449729117,.050494595739669614
27,32768,ExactStein,.15649816162440827,.15320674479321536,1.901022819,3.04
27,32768,ImpulseStein,.15447378436615444,.15139684790830985,1.584959023,4.39
27,32768,OracleX,.15383093122646305,.15400921436651,1.417102691,.4147187353094922
27,32768,OracleZ,.15995251452996168,.15595447572157659,1.39206529,.19208931642398772
27,32768,Ridge,.15976385834132806,.15589450674798155,.035743581,.19208931642398772
27,65536,NaiveX,.15282145710554768,.15311572144213542,.005974712,0
27,65536,NaiveZ,.15893665194366324,.15511155621123085,.005958579,0
27,65536,FullInfo,.156819266471599,.15710932615117146,.005982324,0
27,65536,MLE,.12764515638448964,.1228548563488526,.124515694,2.3986345435889835
27,65536,MM,.15620782319777213,.15298292089441684,.007295969,2.610927020665214
27,65536,EmpBayesX,.15299238130548906,.1532675959914903,5.460174649,.4147187353094922
27,65536,Rescaled,.15890421639227795,.15513115295361307,5.460174649,.2073593676547461
27,65536,Rescaled_0.125,.15521478071729744,.1520717391026434,5.460174649,3.3177498824759377
27,65536,Rescaled_0.25,.15754047484298817,.15413560440939544,5.460174649,1.6588749412379689
27,65536,Rescaled_1.0,.1587489310726335,.15508789485328411,5.460174649,.4147187353094922
27,65536,Rescaled_2.0,.15890421639227795,.15513115295361307,5.460174649,.2073593676547461
27,65536,Rescaled_4.0,.1589260604921398,.15512212589211083,5.460174649,.10367968382737305
27,65536,Rescaled_8.0,.15893670903861007,.1551194834828821,5.460174649,.05183984191368653
27,65536,ExactStein,.15575762596503384,.15258008336632825,4.108690148,2.95
27,65536,ImpulseStein,.15299129991732718,.15014149599711502,3.448324679,4.84
27,65536,OracleX,.15299238130548906,.1532675959914903,5.545921936,.4147187353094922
27,65536,OracleZ,.15891169039962852,.1551352441098482,5.410078754,.2053937039704212
27,65536,Ridge,.15875342852365665,.15508968674782042,.071451056,.2053937039704212
27,131072,NaiveX,.15406356597845022,.15401116071718457,.013666263,0
27,131072,NaiveZ,.15997760922839882,.15589547118550778,.01301674,0
27,131072,FullInfo,.1579237728186908,.15793107191094014,.013221514,0
27,131072,MLE,.1288238979871072,.12382581289601818,.252262665,2.393529719360753
27,131072,MM,.15735141997545643,.15388366429336053,.016203248,2.6022648360644527
27,131072,EmpBayesX,.1542244053944291,.15413641939935416,22.549716973,.504514601548186
27,131072,Rescaled,.15992710709932106,.1559251666040579,22.549716973,.252257300774093
27,131072,Rescaled_0.125,.1553372193811713,.1521148038926851,22.549716973,4.036116812385488
27,131072,Rescaled_0.25,.15817167375504176,.1546268112826193,22.549716973,2.018058406192744
27,131072,Rescaled_1.0,.15976753579570033,.1558602159292018,22.549716973,.504514601548186
27,131072,Rescaled_2.0,.15992710709932106,.1559251666040579,22.549716973,.252257300774093
27,131072,Rescaled_4.0,.15996160958310257,.1559167916897274,22.549716973,.1261286503870465
27,131072,Rescaled_8.0,.15996324000780004,.15591195767961943,22.549716973,.06306432519352324
27,131072,ExactStein,.15638795225314894,.15305782951036,8.763429833,3.3
27,131072,ImpulseStein,.15410159871945586,.15096931621127035,7.462991558,4.98
27,131072,OracleX,.15421881498903123,.15415071546630718,22.408581776,.410317203983632
27,131072,OracleZ,.159930239946112,.15592818602084446,22.27223874,.24736896073838505
27,131072,Ridge,.15985230929943098,.1558960678005768,.151797586,.24736896073838505
28,256,NaiveX,.1498425268720085,.1530698133853378,48819e-9,0
28,256,NaiveZ,.1573883591819732,.15622374475394837,24375e-9,0
28,256,FullInfo,.15675696623353502,.1571802290819365,19696e-9,0
28,256,MLE,.11646416199769741,.11414145113733018,572e-6,2.211512324628029
28,256,MM,.15362021172943474,.1530421313364107,29124e-9,2.5389421206846126
28,256,EmpBayesX,.15121856690369975,.1534892437881604,123689e-9,.3609708817977755
28,256,Rescaled,.15590425657418694,.15562545086070736,123689e-9,.18048544089888774
28,256,Rescaled_0.125,.15362021172943474,.1530421313364107,123689e-9,2.887767054382204
28,256,Rescaled_0.25,.15565319569648137,.15386875472912304,123689e-9,1.443883527191102
28,256,Rescaled_1.0,.15590425657418694,.15562545086070734,123689e-9,.3609708817977755
28,256,Rescaled_2.0,.15590425657418694,.15562545086070736,123689e-9,.18048544089888774
28,256,Rescaled_4.0,.1573883591819732,.1562237447539484,123689e-9,.09024272044944387
28,256,Rescaled_8.0,.1573883591819732,.15622374475394837,123689e-9,.045121360224721935
28,256,ExactStein,.14982903926774033,.15052346295488717,.009345183,5
28,256,ImpulseStein,.14982903926774033,.15052346295488717,.006835017,5
28,256,OracleX,.15121856690369975,.1534892437881604,126273e-9,.3609708817977755
28,256,OracleZ,.1573883591819732,.15622374475394837,124946e-9,0
28,256,Ridge,.15590425657418694,.15562545086070736,443283e-9,0
28,512,NaiveX,.14299602463941408,.14100273059244423,34781e-9,0
28,512,NaiveZ,.14962464068556286,.1427369501241505,33454e-9,0
28,512,FullInfo,.14831534902987248,.14459661117087946,33524e-9,0
28,512,MLE,.12199747418840724,.1118727567461549,.001014864,2.3854606554934916
28,512,MM,.14623076934378576,.1389266555031296,49517e-9,2.626802005608592
28,512,EmpBayesX,.14336825084045182,.141470075581426,.002289048,.004562751425199622
28,512,Rescaled,.14962464068556286,.1427369501241505,.002289048,.002281375712599811
28,512,Rescaled_0.125,.14959573236426782,.1427155717686318,.002289048,.03650201140159698
28,512,Rescaled_0.25,.14962464068556286,.1427369501241505,.002289048,.01825100570079849
28,512,Rescaled_1.0,.14962464068556286,.1427369501241505,.002289048,.004562751425199622
28,512,Rescaled_2.0,.14962464068556286,.1427369501241505,.002289048,.002281375712599811
28,512,Rescaled_4.0,.14962464068556286,.1427369501241505,.002289048,.0011406878562999056
28,512,Rescaled_8.0,.14962464068556286,.1427369501241505,.002289048,.0005703439281499528
28,512,ExactStein,.1496089048193478,.1427325182565255,.018850931,.34
28,512,ImpulseStein,.14251005528906682,.13753482396086336,.01531305,5
28,512,OracleX,.14336825084045182,.141470075581426,4444e-7,.004562751425199622
28,512,OracleZ,.14962464068556286,.1427369501241505,49294e-8,0
28,512,Ridge,.1496089048193478,.1427325182565255,688845e-9,0
28,1024,NaiveX,.13739526719312242,.13859599376576154,66e-6,0
28,1024,NaiveZ,.14529912509485032,.14026772430307038,64603e-9,0
28,1024,FullInfo,.14301594995238998,.1425459958016587,79061e-9,0
28,1024,MLE,.11501815149934601,.10848817002397046,.001934813,2.4879961394093946
28,1024,MM,.14191668127994694,.138233180443557,93588e-9,2.7737092138285613
28,1024,EmpBayesX,.13780046010099156,.13892080613965646,.001473232,.8198809542809409
28,1024,Rescaled,.1440598912791301,.13995950118431744,.001473232,.40994047714047044
28,1024,Rescaled_0.125,.13641286115317622,.13368684921877666,.001473232,6.559047634247527
28,1024,Rescaled_0.25,.1405592755078466,.13746294198130488,.001473232,3.2795238171237635
28,1024,Rescaled_1.0,.14431315282170515,.13992635438183523,.001473232,.8198809542809409
28,1024,Rescaled_2.0,.1440598912791301,.13995950118431744,.001473232,.40994047714047044
28,1024,Rescaled_4.0,.14478164623548648,.1398307976077663,.001473232,.20497023857023522
28,1024,Rescaled_8.0,.14478164623548648,.1398307976077663,.001473232,.10248511928511761
28,1024,ExactStein,.14019207308656575,.13735052753380317,.046313013,4.57
28,1024,ImpulseStein,.14019207308656575,.13735052753380317,.034998375,4.46
28,1024,OracleX,.13780046010099156,.13892080613965646,.001475886,.8198809542809409
28,1024,OracleZ,.14529912509485032,.14026772430307038,.001622483,0
28,1024,Ridge,.1440598912791301,.13995950118431744,.001154337,0
28,2048,NaiveX,.13761975776976998,.13855135106505856,135213e-9,0
28,2048,NaiveZ,.14466096512046306,.1404716851432899,130534e-9,0
28,2048,FullInfo,.1424048117946485,.14230597562097486,132069e-9,0
28,2048,MLE,.11560921781939769,.11053472671342386,.004819607,2.550324638043749
28,2048,MM,.14153886636346286,.1380756441449046,180889e-9,2.8600290083533864
28,2048,EmpBayesX,.13810848191377412,.13870273284429793,.00539475,1.3003764298949385
28,2048,Rescaled,.1439517896146264,.13999779748911348,.00539475,.6501882149474693
28,2048,Rescaled_0.125,.13295235845706976,.13023889273217107,.00539475,10.403011439159508
28,2048,Rescaled_0.25,.1385522889074733,.13538649325873486,.00539475,5.201505719579754
28,2048,Rescaled_1.0,.14345429129272844,.13906990041802342,.00539475,1.3003764298949385
28,2048,Rescaled_2.0,.1439517896146264,.13999779748911348,.00539475,.6501882149474693
28,2048,Rescaled_4.0,.14430862857196464,.14006819963807993,.00539475,.32509410747373463
28,2048,Rescaled_8.0,.14432714482782788,.1403260936589587,.00539475,.16254705373686731
28,2048,ExactStein,.14021246969230883,.13692879283084985,.106444332,4.05
28,2048,ImpulseStein,.14117595288413393,.13772379075644195,.107420993,3.45
28,2048,OracleX,.13798048388308448,.1389248565782572,.005395029,.9147994615352804
28,2048,OracleZ,.14460739847242474,.1405113125623259,.005446502,.12748497409298318
28,2048,Ridge,.14426410808879053,.14022563845178965,.002918388,.12748497409298318
28,4096,NaiveX,.14743052159087028,.14757020873664423,293613e-9,0
28,4096,NaiveZ,.15326668501679114,.1489854999189677,275803e-9,0
28,4096,FullInfo,.15135447640657934,.15106178832312336,275873e-9,0
28,4096,MLE,.12074270570447272,.11565736503636645,.007526166,2.4528475723914163
28,4096,MM,.15098504650441957,.1470081611918118,372743e-9,2.6753026394043036
28,4096,EmpBayesX,.14814615557602173,.14790667438441119,.022034855,.5074122559964304
28,4096,Rescaled,.15316623129314672,.1489376306913259,.022034855,.2537061279982152
28,4096,Rescaled_0.125,.14890669581752633,.14522590643018612,.022034855,4.059298047971443
28,4096,Rescaled_0.25,.15181421437332104,.14768995918509292,.022034855,2.0296490239857214
28,4096,Rescaled_1.0,.15312459888412538,.14886965500786314,.022034855,.5074122559964304
28,4096,Rescaled_2.0,.15316623129314672,.1489376306913259,.022034855,.2537061279982152
28,4096,Rescaled_4.0,.1532162539895475,.148851744912259,.022034855,.1268530639991076
28,4096,Rescaled_8.0,.1532386390024595,.14885519044134052,.022034855,.0634265319995538
28,4096,ExactStein,.14846168038642923,.14472087011350604,.208066961,4.86
28,4096,ImpulseStein,.14857706849729602,.14495043983309935,.16918122,4.7
28,4096,OracleX,.14814615557602173,.14790667438441119,.022143318,.5074122559964304
28,4096,OracleZ,.15323238261716587,.14898957226666937,.022290195,.0011413642477043707
28,4096,Ridge,.1531948007716147,.14892454369462732,.004920528,.0011413642477043707
28,8192,NaiveX,.1480020913750265,.1484584171860578,596515e-9,0
28,8192,NaiveZ,.15402478282493398,.15030244826457484,588832e-9,0
28,8192,FullInfo,.15208526291604796,.15217335413924585,582266e-9,0
28,8192,MLE,.12316748348958997,.11887739417712312,.015623076,2.383171067213081
28,8192,MM,.1513757845964555,.1480880960489445,781035e-9,2.586432463799916
28,8192,EmpBayesX,.14838351344356443,.14863815939194847,.083480867,.18263395400263951
28,8192,Rescaled,.15395225925462933,.15025459887573414,.083480867,.09131697700131976
28,8192,Rescaled_0.125,.15269047167583089,.14923335296344975,.083480867,1.4610716320211161
28,8192,Rescaled_0.25,.15367816847760168,.14984170183700043,.083480867,.7305358160105581
28,8192,Rescaled_1.0,.15400498175986627,.1502371278519373,.083480867,.18263395400263951
28,8192,Rescaled_2.0,.15395225925462933,.15025459887573414,.083480867,.09131697700131976
28,8192,Rescaled_4.0,.15397732404483327,.1502766437785096,.083480867,.04565848850065988
28,8192,Rescaled_8.0,.15400855067706423,.1503155630588215,.083480867,.02282924425032994
28,8192,ExactStein,.14870810968427456,.1455672674414557,.433899171,4.42
28,8192,ImpulseStein,.15198112033869898,.1486158679767064,.356481924,2.26
28,8192,OracleX,.1483710765401054,.14867808881653077,.082673852,.2927778423154658
28,8192,OracleZ,.1540261787127324,.15031574197684405,.082373603,.004211982061138237
28,8192,Ridge,.1538929179814793,.1501783453285707,.009548072,.004211982061138237
28,16384,NaiveX,.15096097972229544,.15192000485065132,.001282565,0
28,16384,NaiveZ,.15724886352267706,.15366380755544023,.001268876,0
28,16384,FullInfo,.15500275544526232,.15569949683900772,.0012628,0
28,16384,MLE,.1266261530818162,.12213344582644818,.031727428,2.3813179949036125
28,16384,MM,.15415460441077486,.15131790778828239,.001616616,2.5789967092140276
28,16384,EmpBayesX,.15097896256775073,.15192751268770047,.334884764,.013331622866438209
28,16384,Rescaled,.15724886352267703,.15366380755544023,.334884764,.0066658114332191045
28,16384,Rescaled_0.125,.1572330308654395,.15369026952927772,.334884764,.10665298293150567
28,16384,Rescaled_0.25,.15723458113115474,.15370189260521874,.334884764,.053326491465752836
28,16384,Rescaled_1.0,.1572579236926593,.15370350800721044,.334884764,.013331622866438209
28,16384,Rescaled_2.0,.15724886352267703,.15366380755544023,.334884764,.0066658114332191045
28,16384,Rescaled_4.0,.15724886352267706,.15366380755544023,.334884764,.0033329057166095522
28,16384,Rescaled_8.0,.15724886352267706,.15366380755544023,.334884764,.0016664528583047761
28,16384,ExactStein,.15379137773024107,.151080629251944,.910694789,2.81
28,16384,ImpulseStein,.15389106446900283,.15115684009097133,.748586884,2.75
28,16384,OracleX,.1509496668772155,.15197767218147618,.338508339,.09571983501912702
28,16384,OracleZ,.15723277991759124,.15373921957257414,.350634532,.08260876876955249
28,16384,Ridge,.1570780751761986,.15356645815388772,.018533153,.08260876876955249
28,32768,NaiveX,.1540394816911108,.15415197887935858,.002725625,0
28,32768,NaiveZ,.16001197390102373,.15599628015169686,.002716546,0
28,32768,FullInfo,.1577979613919009,.15797076429503365,.002711657,0
28,32768,MLE,.12865124083273116,.12358122894066714,.062154132,2.383887421659103
28,32768,MM,.15719617180701417,.1538885162346419,.003363626,2.590034581302254
28,32768,EmpBayesX,.15415278587515718,.15419315544253623,1.370602854,.2628717642912255
28,32768,Rescaled,.15998001063050404,.1560503154507987,1.370602854,.13143588214561275
28,32768,Rescaled_0.125,.15792745286466586,.1545188000541412,1.370602854,2.102974114329804
28,32768,Rescaled_0.25,.15929034713488732,.15553445031659793,1.370602854,1.051487057164902
28,32768,Rescaled_1.0,.15992692528720187,.15598902503655598,1.370602854,.2628717642912255
28,32768,Rescaled_2.0,.15998001063050404,.1560503154507987,1.370602854,.13143588214561275
28,32768,Rescaled_4.0,.15999231601979003,.15604820706245107,1.370602854,.06571794107280637
28,32768,Rescaled_8.0,.1600009800671217,.15602271029036585,1.370602854,.03285897053640319
28,32768,ExactStein,.15695876533789388,.15371386385682662,1.90129513,2.8
28,32768,ImpulseStein,.15414684379300542,.15104235747115505,1.587296471,4.97
28,32768,OracleX,.1541383026957275,.1542258942676637,1.360094744,.19991890422604158
28,32768,OracleZ,.1599862328121268,.15605479568769365,1.351353339,.06751720186330405
28,32768,Ridge,.15986869623999533,.15594129344483598,.035257276,.06751720186330405
28,65536,NaiveX,.15303398875568627,.153171868746307,.006479595,0
28,65536,NaiveZ,.1589352294437169,.15507495432499352,.005968287,0
28,65536,FullInfo,.1567492897114855,.15710932615117146,.005977017,0
28,65536,MLE,.1277966462659495,.12300918571671102,.155378558,2.3993973639059427
28,65536,MM,.15623388299497631,.15308819918804661,.007288846,2.6098603040588655
28,65536,EmpBayesX,.15311101372446256,.15325917772642916,5.540135446,.3823425315974351
28,65536,Rescaled,.15889080364474142,.15511761325899548,5.540135446,.19117126579871754
28,65536,Rescaled_0.125,.15565505160928622,.15251641645564473,5.540135446,3.0587402527794807
28,65536,Rescaled_0.25,.15768779110198494,.1543394545160434,5.540135446,1.5293701263897403
28,65536,Rescaled_1.0,.15881466812904776,.15508092227738127,5.540135446,.3823425315974351
28,65536,Rescaled_2.0,.15889080364474142,.15511761325899548,5.540135446,.19117126579871754
28,65536,Rescaled_4.0,.15892409290680062,.15512009039970567,5.540135446,.09558563289935877
28,65536,Rescaled_8.0,.15892093881819475,.15509089091104503,5.540135446,.047792816449679386
28,65536,ExactStein,.1556031369025565,.15248000005626564,4.121420329,3.1
28,65536,ImpulseStein,.15423279287827582,.15115695328439707,3.463744237,4.07
28,65536,OracleX,.1531084832792906,.15327194635296748,5.514755124,.42913513875787285
28,65536,OracleZ,.1589042184483226,.15513354856534275,5.533606823,.14038376680496517
28,65536,Ridge,.1588000259645135,.1550771131620563,.071471449,.14038376680496517
28,131072,NaiveX,.15408310870956715,.15400685539517622,.013120383,0
28,131072,NaiveZ,.15998707703437104,.15590499503373392,.013643635,0
28,131072,FullInfo,.15782792831568612,.15793107191094014,.013166549,0
28,131072,MLE,.1289324534270621,.12391645187519948,.283627757,2.3962220018868043
28,131072,MM,.15734534524795699,.15395004260318587,.01624166,2.604403090144114
28,131072,EmpBayesX,.15414455354388573,.15410624100032075,22.640773733,.4014329478527676
28,131072,Rescaled,.15994092884157649,.15594039064167176,22.640773733,.2007164739263838
28,131072,Rescaled_0.125,.15652500697165656,.15320064355233837,22.640773733,3.211463582822141
28,131072,Rescaled_0.25,.15865371113862234,.1551060707669291,22.640773733,1.6057317914110705
28,131072,Rescaled_1.0,.1598631390967366,.15590972748867737,22.640773733,.4014329478527676
28,131072,Rescaled_2.0,.15994092884157649,.15594039064167176,22.640773733,.2007164739263838
28,131072,Rescaled_4.0,.1599680538471138,.1559237511183392,22.640773733,.1003582369631919
28,131072,Rescaled_8.0,.15996986084032988,.155913080731714,22.640773733,.05017911848159595
28,131072,ExactStein,.15624771908150653,.152919250249754,8.793677813,3.43
28,131072,ImpulseStein,.1549543657400976,.1517482016649524,7.515702032,4.36
28,131072,OracleX,.1541375889877976,.15411205097587158,23.011984346,.42073635823738925
28,131072,OracleZ,.15994097125197337,.15594280757976947,22.337893038,.19792269202589616
28,131072,Ridge,.1598674765504038,.15591548164988825,.150112594,.19792269202589616
29,256,NaiveX,.15789839460888289,.15519826195578706,51194e-9,0
29,256,NaiveZ,.1642498071916784,.15442296891488017,20883e-9,0
29,256,FullInfo,.16146398559339006,.1571802290819365,19555e-9,0
29,256,MLE,.12895211790041483,.11663524615644182,572419e-9,2.1688994043629903
29,256,MM,.1614806829292232,.15411382790932507,308e-7,2.4667109258716926
29,256,EmpBayesX,.15840362554832804,.1551812654157101,120406e-9,.6870868961718404
29,256,Rescaled,.1635344748309549,.1552751854793807,120406e-9,.3435434480859202
29,256,Rescaled_0.125,.15856756847292353,.15291661912508306,120406e-9,5.496695169374723
29,256,Rescaled_0.25,.16077493617887895,.15413350593318254,120406e-9,2.7483475846873615
29,256,Rescaled_1.0,.1635344748309549,.1552751854793807,120406e-9,.6870868961718404
29,256,Rescaled_2.0,.1635344748309549,.1552751854793807,120406e-9,.3435434480859202
29,256,Rescaled_4.0,.16405140131025361,.1547908633082284,120406e-9,.1717717240429601
29,256,Rescaled_8.0,.16405140131025361,.1547908633082284,120406e-9,.08588586202148005
29,256,ExactStein,.159348657810373,.15301482664393354,.011130745,4.53
29,256,ImpulseStein,.159348657810373,.15301482664393354,.006909748,4.27
29,256,OracleX,.1583522650193297,.1552358968848661,123549e-9,.058516242235102614
29,256,OracleZ,.1635344748309549,.1552751854793807,116774e-9,.3184485382454415
29,256,Ridge,.16405140131025361,.1547908633082284,432807e-9,.3184485382454415
29,512,NaiveX,.14298797337432942,.14198619669244844,34222e-9,0
29,512,NaiveZ,.150796829912522,.14304823210889267,33175e-9,0
29,512,FullInfo,.14660252915841246,.14459661117087946,33454e-9,0
29,512,MLE,.12228070207597133,.11156781212110611,.001008229,2.413889621462477
29,512,MM,.1469339920961996,.1401874688134436,49657e-9,2.6312585176944125
29,512,EmpBayesX,.14298797337432942,.14198619669244844,390203e-9,0
29,512,Rescaled,.150796829912522,.14304823210889267,390203e-9,0
29,512,Rescaled_0.125,.150796829912522,.14304823210889267,390203e-9,0
29,512,Rescaled_0.25,.150796829912522,.14304823210889267,390203e-9,0
29,512,Rescaled_1.0,.150796829912522,.14304823210889267,390203e-9,0
29,512,Rescaled_2.0,.150796829912522,.14304823210889267,390203e-9,0
29,512,Rescaled_4.0,.150796829912522,.14304823210889267,390203e-9,0
29,512,Rescaled_8.0,.150796829912522,.14304823210889267,390203e-9,0
29,512,ExactStein,.15104115898774523,.14284317982663544,.020533058,.81
29,512,ImpulseStein,.15062635358777327,.1427706615012822,.015282111,.94
29,512,OracleX,.14298797337432942,.14198619669244844,398654e-9,0
29,512,OracleZ,.150796829912522,.14304823210889267,402705e-9,0
29,512,Ridge,.1507970952915516,.14303806008031508,673899e-9,0
29,1024,NaiveX,.1406526865823599,.1380654812737231,67117e-9,0
29,1024,NaiveZ,.1481566542648902,.14049657098716792,63974e-9,0
29,1024,FullInfo,.14535782096525934,.1425459958016587,65302e-9,0
29,1024,MLE,.11732934671249569,.10748139354914787,.00193593,2.4649694095652372
29,1024,MM,.14525379052749882,.13826191820413347,93378e-9,2.7248632258063856
29,1024,EmpBayesX,.14086120829550502,.13788803669519428,.001558718,.8129804079474487
29,1024,Rescaled,.14827083305392458,.14015256706476384,.001558718,.4064902039737244
29,1024,Rescaled_0.125,.1397696502873932,.13443993545584687,.001558718,6.50384326357959
29,1024,Rescaled_0.25,.1443499426597139,.1378173300043331,.001558718,3.251921631789795
29,1024,Rescaled_1.0,.14763611802611584,.14012467152591992,.001558718,.8129804079474487
29,1024,Rescaled_2.0,.14827083305392458,.14015256706476384,.001558718,.4064902039737244
29,1024,Rescaled_4.0,.14822735457106995,.1405353972449921,.001558718,.2032451019868622
29,1024,Rescaled_8.0,.14822735457106995,.1405353972449921,.001558718,.1016225509934311
29,1024,ExactStein,.1438690296134322,.13744107373074863,.04542519,3.82
29,1024,ImpulseStein,.14385172918052996,.13742999432805691,.036354763,3.95
29,1024,OracleX,.1406526865823599,.1380654812737231,.001562559,0
29,1024,OracleZ,.14820504414022379,.1405503377257258,.001409537,.07558537108147749
29,1024,Ridge,.1482667085452864,.14015451003692148,.001162089,.07558537108147749
29,2048,NaiveX,.13802270811090792,.13715849351513415,134026e-9,0
29,2048,NaiveZ,.14539160141608648,.14002889473205682,132419e-9,0
29,2048,FullInfo,.14287029881900642,.14230597562097486,133466e-9,0
29,2048,MLE,.11534455288203155,.10823294645955639,.003790915,2.5253806177510185
29,2048,MM,.14229571270723484,.13800628315512292,183404e-9,2.80603506020538
29,2048,EmpBayesX,.13874508480772071,.13760440223670062,.006488535,.5878935744499729
29,2048,Rescaled,.14544363729699644,.13996626437841866,.006488535,.29394678722498646
29,2048,Rescaled_0.125,.139194335999814,.13570217697175113,.006488535,4.703148595599783
29,2048,Rescaled_0.25,.14272864978536748,.13817094167202937,.006488535,2.3515742977998917
29,2048,Rescaled_1.0,.14515878418761194,.13999955422073018,.006488535,.5878935744499729
29,2048,Rescaled_2.0,.14544363729699644,.13996626437841866,.006488535,.29394678722498646
29,2048,Rescaled_4.0,.14544160606103818,.14005851688916526,.006488535,.14697339361249323
29,2048,Rescaled_8.0,.1453983694323433,.14005901280954358,.006488535,.07348669680624662
29,2048,ExactStein,.14013974023777698,.13676685605305705,.099825194,4.15
29,2048,ImpulseStein,.13974906456855524,.13639611673608737,.081325775,4.36
29,2048,OracleX,.13873972936170953,.13760450825097525,.005502935,.6388450127144896
29,2048,OracleZ,.14547707553037423,.14006807646205044,.005426738,.16153709816804465
29,2048,Ridge,.14541075071671228,.1400168544288894,.00303628,.16153709816804465
29,4096,NaiveX,.14763256249037665,.14663794113270753,279784e-9,0
29,4096,NaiveZ,.1543397173303902,.14893184523516265,278597e-9,0
29,4096,FullInfo,.15184722436102221,.15106178832312336,275524e-9,0
29,4096,MLE,.12129693895171868,.1147275908136739,.00751115,2.4276572149103925
29,4096,MM,.15168553534083004,.14713249881441143,371486e-9,2.6210274034433443
29,4096,EmpBayesX,.14830638148232847,.147099362084662,.022741859,.546538018983469
29,4096,Rescaled,.1540901395659265,.14886438159836082,.022741859,.2732690094917345
29,4096,Rescaled_0.125,.14905990624225868,.14508361493423608,.022741859,4.372304151867752
29,4096,Rescaled_0.25,.1521197841874839,.14766358667064913,.022741859,2.186152075933876
29,4096,Rescaled_1.0,.15424224348220034,.14894452718487208,.022741859,.546538018983469
29,4096,Rescaled_2.0,.1540901395659265,.14886438159836082,.022741859,.2732690094917345
29,4096,Rescaled_4.0,.1542487631251537,.14893309057908805,.022741859,.13663450474586725
29,4096,Rescaled_8.0,.15425313341223001,.1489837228724763,.022741859,.06831725237293362
29,4096,ExactStein,.15130563722386037,.1470164782054923,.209608987,3.1
29,4096,ImpulseStein,.14939050198064113,.14539640699046047,.170830732,4.29
29,4096,OracleX,.14830638148232847,.147099362084662,.022981833,.546538018983469
29,4096,OracleZ,.1541266193733575,.14900225470509426,.022241027,.35745825907443046
29,4096,Ridge,.15416445725367794,.14894585276248468,.005049874,.35745825907443046
29,8192,NaiveX,.14811370879610725,.14828115109595652,589949e-9,0
29,8192,NaiveZ,.15433017480520972,.15022995419934265,588413e-9,0
29,8192,FullInfo,.15244992082986725,.15217335413924585,58059e-8,0
29,8192,MLE,.12305992866013254,.11789048121606438,.015746835,2.3694058390861006
29,8192,MM,.15194367244712204,.14842448003723144,763784e-9,2.554515368628003
29,8192,EmpBayesX,.1483300645165237,.14839745193772008,.08876911,.16885147113622986
29,8192,Rescaled,.15436851929639686,.15024892012673446,.08876911,.08442573556811493
29,8192,Rescaled_0.125,.15336523912570157,.14956460956421053,.08876911,1.350811769089839
29,8192,Rescaled_0.25,.15413265033896711,.15017068669091432,.08876911,.6754058845449195
29,8192,Rescaled_1.0,.15441271874593557,.15031607645294542,.08876911,.16885147113622986
29,8192,Rescaled_2.0,.15436851929639686,.15024892012673446,.08876911,.08442573556811493
29,8192,Rescaled_4.0,.15434090181976576,.15024531099307906,.08876911,.042212867784057466
29,8192,Rescaled_8.0,.15434064443970133,.15024507580570767,.08876911,.021106433892028733
29,8192,ExactStein,.15189933715688858,.1483693608583409,.436269375,2.66
29,8192,ImpulseStein,.15194367244712204,.1484244800372314,.358431823,2.56
29,8192,OracleX,.1482881759267161,.14845068177201293,.087821853,.10252570187761141
29,8192,OracleZ,.15441043594307158,.15033692548026512,.090978538,.1656737854738689
29,8192,Ridge,.1543905746494025,.15020142835646766,.009005055,.1656737854738689
29,16384,NaiveX,.15200969117026347,.15169307370094892,.001247017,0
29,16384,NaiveZ,.15815954292873538,.15362121549727062,.00126727,0
29,16384,FullInfo,.15598897928796268,.15569949683900772,.002007308,0
29,16384,MLE,.12675693260456244,.12143413583091894,.031173797,2.378614740675773
29,16384,MM,.1554927194807692,.15166099630083368,.001594406,2.569134706697915
29,16384,EmpBayesX,.15222237760008483,.1517958855718603,.352320361,.4489972657591897
29,16384,Rescaled,.15820435824025528,.15369609116892347,.352320361,.22449863287959484
29,16384,Rescaled_0.125,.15369066545765436,.1502977142099914,.352320361,3.5919781260735175
29,16384,Rescaled_0.25,.15664816063961717,.15252358576132896,.352320361,1.7959890630367588
29,16384,Rescaled_1.0,.1581343587449094,.15368916507870672,.352320361,.4489972657591897
29,16384,Rescaled_2.0,.15820435824025528,.15369609116892347,.352320361,.22449863287959484
29,16384,Rescaled_4.0,.15819294688530555,.15368865841492785,.352320361,.11224931643979742
29,16384,Rescaled_8.0,.15818143396675088,.1536651430027902,.352320361,.05612465821989871
29,16384,ExactStein,.15594108001807622,.15204539428843478,.909408172,2.37
29,16384,ImpulseStein,.15555883632089493,.1517574020512455,.75534319,2.53
29,16384,OracleX,.15217568155535488,.151816082559231,.351551059,.340009956618118
29,16384,OracleZ,.15819822899670355,.15374467005189837,.343556049,.3664639051462994
29,16384,Ridge,.1581925076322468,.15374082319292443,.018020867,.3664639051462994
29,32768,NaiveX,.15426672040637376,.15409604410931804,.003368655,0
29,32768,NaiveZ,.16009615541543423,.15601513418933777,.002707956,0
29,32768,FullInfo,.1580992663046938,.15797076429503365,.002695664,0
29,32768,MLE,.12835001905088145,.12340553056346651,.06436866,2.385239518481345
29,32768,MM,.1576826357456343,.15401077925966838,.003355664,2.591463207819146
29,32768,EmpBayesX,.15450198633461482,.1542208849105584,1.415085536,.21721054590846733
29,32768,Rescaled,.1601287800849281,.15600943396540579,1.415085536,.10860527295423367
29,32768,Rescaled_0.125,.1588806550335499,.154961574745747,1.415085536,1.7376843672677387
29,32768,Rescaled_0.25,.15980311677360134,.15578599889915812,1.415085536,.8688421836338693
29,32768,Rescaled_1.0,.16012146813186431,.15601920242463385,1.415085536,.21721054590846733
29,32768,Rescaled_2.0,.1601287800849281,.15600943396540579,1.415085536,.10860527295423367
29,32768,Rescaled_4.0,.1600992313444798,.15599935353829772,1.415085536,.054302636477116834
29,32768,Rescaled_8.0,.1600993638972678,.15600011350595028,1.415085536,.027151318238558417
29,32768,ExactStein,.15552462076568946,.15224063660995205,1.895178431,4.17
29,32768,ImpulseStein,.1550089917009492,.1518425167366061,1.580773993,4.56
29,32768,OracleX,.1544204772739917,.1542360322858951,1.364446974,.14087334410720992
29,32768,OracleZ,.16012972649225066,.15602900361136604,1.384113092,.31742092334608
29,32768,Ridge,.16010189679163794,.15601136366228752,.035202242,.31742092334608
29,65536,NaiveX,.15331399860079095,.1532880278285585,.005994966,0
29,65536,NaiveZ,.15916210429806815,.15515364957843222,.006034567,0
29,65536,FullInfo,.157110683044962,.15710932615117146,.006531976,0
29,65536,MLE,.1278034889736111,.12287370161828884,.124082678,2.3986422049992897
29,65536,MM,.15671391914574156,.1531276395829549,.007289684,2.608498171259402
29,65536,EmpBayesX,.1535545380313182,.15341101296276788,5.43873107,.6665807963521134
29,65536,Rescaled,.15914182362878238,.15515599667132038,5.43873107,.3332903981760567
29,65536,Rescaled_0.125,.15296984587333295,.14991271351430085,5.43873107,5.332646370816907
29,65536,Rescaled_0.25,.15664218296933713,.15307655824149138,5.43873107,2.6663231854084537
29,65536,Rescaled_1.0,.1589644740705074,.15504964499930443,5.43873107,.6665807963521134
29,65536,Rescaled_2.0,.15914182362878238,.15515599667132038,5.43873107,.3332903981760567
29,65536,Rescaled_4.0,.15918155563401637,.15515523967786704,5.43873107,.16664519908802836
29,65536,Rescaled_8.0,.15918672916029397,.15516249589178166,5.43873107,.08332259954401418
29,65536,ExactStein,.15460495970309224,.15135933834345933,4.12162643,4.13
29,65536,ImpulseStein,.15401974543619823,.15087810129458934,3.465275298,4.62
29,65536,OracleX,.1535453939871766,.15342082602379814,5.451506299,.6726007129466658
29,65536,OracleZ,.15915125984194617,.1551891615674254,5.464545456,.2900616997709188
29,65536,Ridge,.15909883852014925,.15516912087297363,.071020414,.2900616997709188
29,131072,NaiveX,.1541354099328588,.15414395445949186,.013176467,0
29,131072,NaiveZ,.16002280496712668,.15596551310274176,.013030288,0
29,131072,FullInfo,.1580167158494042,.15793107191094014,.013213552,0
29,131072,MLE,.12893188888537674,.12386274045206644,.252065014,2.391638279511238
29,131072,MM,.1576028976261874,.1540420163578749,.016130333,2.5976041464708897
29,131072,EmpBayesX,.1543150442149116,.15419302407568458,22.743222026,.7549490964162519
29,131072,Rescaled,.1599558602270086,.1559735889956595,22.743222026,.3774745482081259
29,131072,Rescaled_0.125,.1529010987699017,.14987634679930456,22.743222026,6.039592771330015
29,131072,Rescaled_0.25,.15699324212990673,.15351758676552033,22.743222026,3.0197963856650074
29,131072,Rescaled_1.0,.15974047078665632,.15582961203488427,22.743222026,.7549490964162519
29,131072,Rescaled_2.0,.1599558602270086,.1559735889956595,22.743222026,.3774745482081259
29,131072,Rescaled_4.0,.16001454315619013,.15598925280823417,22.743222026,.18873727410406296
29,131072,Rescaled_8.0,.16002143642573893,.15598418848622106,22.743222026,.09436863705203148
29,131072,ExactStein,.1552685656926397,.15204787403227743,8.775266045,4.32
29,131072,ImpulseStein,.1547182814350876,.1515561164578924,7.464955425,4.74
29,131072,OracleX,.15429703954251187,.15425372380591662,22.186623453,.5214459002753821
29,131072,OracleZ,.16002104726475153,.15599714152972277,22.157955422,.15511444304330652
29,131072,Ridge,.1599587325484058,.15596958681083956,.149906004,.15511444304330652
30,256,NaiveX,.15836096657645332,.15443904763500077,51613e-9,0
30,256,NaiveZ,.16116705700851242,.1562880439833027,20673e-9,0
30,256,FullInfo,.16208013853530706,.1571802290819365,19486e-9,0
30,256,MLE,.12455748112640747,.11979052275535879,573047e-9,2.202183036177877
30,256,MM,.15896895620961732,.1536918449901083,29961e-9,2.5089517436168
30,256,EmpBayesX,.15836096657645332,.15443904763500077,123619e-9,0
30,256,Rescaled,.16116705700851242,.1562880439833027,123619e-9,0
30,256,Rescaled_0.125,.16116705700851242,.1562880439833027,123619e-9,0
30,256,Rescaled_0.25,.16116705700851242,.1562880439833027,123619e-9,0
30,256,Rescaled_1.0,.16116705700851242,.1562880439833027,123619e-9,0
30,256,Rescaled_2.0,.16116705700851242,.1562880439833027,123619e-9,0
30,256,Rescaled_4.0,.16116705700851242,.1562880439833027,123619e-9,0
30,256,Rescaled_8.0,.16116705700851242,.1562880439833027,123619e-9,0
30,256,ExactStein,.1556777207460483,.15162217754967294,.011151418,5
30,256,ImpulseStein,.15941793970903625,.1544805211871478,.006879715,1.6
30,256,OracleX,.1579530536293024,.15447668853579727,126762e-9,.44975408655459886
30,256,OracleZ,.1609704261308602,.15641648443859035,12781e-8,.9032335548290746
30,256,Ridge,.16111306854285296,.15628335920167763,436089e-9,.9032335548290746
30,512,NaiveX,.1461499218121063,.14225988641948728,34572e-9,0
30,512,NaiveZ,.1508876779561915,.14317811236915956,33035e-9,0
30,512,FullInfo,.14913587114026586,.14459661117087946,32546e-9,0
30,512,MLE,.12207623388257721,.11375612554168947,.00101228,2.4510604995317706
30,512,MM,.14735395962264752,.14025096061539652,50146e-9,2.7154949232087735
30,512,EmpBayesX,.1461613378995359,.14127475404098527,474781e-9,1.1437491827578548
30,512,Rescaled,.15072594087548047,.14283831541207742,474781e-9,.5718745913789274
30,512,Rescaled_0.125,.14016926123195544,.1356964834849854,474781e-9,9.149993462062838
30,512,Rescaled_0.25,.1450619811010417,.1389636999783375,474781e-9,4.574996731031419
30,512,Rescaled_1.0,.1496561655271895,.1423497793616861,474781e-9,1.1437491827578548
30,512,Rescaled_2.0,.15072594087548047,.14283831541207742,474781e-9,.5718745913789274
30,512,Rescaled_4.0,.15075487320524078,.14284087758025188,474781e-9,.2859372956894637
30,512,Rescaled_8.0,.1508876779561915,.14317811236915956,474781e-9,.14296864784473184
30,512,ExactStein,.14705836847107112,.14010729652261775,.020377871,3.92
30,512,ImpulseStein,.14705836847107112,.14010729652261775,.013843171,3.92
30,512,OracleX,.1461499218121063,.14225988641948728,480508e-9,0
30,512,OracleZ,.1508876779561915,.14317811236915956,436298e-9,0
30,512,Ridge,.15076207914023593,.14285643247044771,.002009125,0
30,1024,NaiveX,.14031216053448994,.1390574335125767,67537e-9,0
30,1024,NaiveZ,.14651914157122825,.14093881300163505,65512e-9,0
30,1024,FullInfo,.1441264039259946,.1425459958016587,64813e-9,0
30,1024,MLE,.11605605560922172,.1093979975914065,.001934045,2.4753610099509276
30,1024,MM,.14316438380716273,.13881138313787997,9233e-8,2.7735767665062263
30,1024,EmpBayesX,.1405174056110862,.13931256204492462,.001337531,.2816187783317543
30,1024,Rescaled,.14652755595869305,.14093410414790197,.001337531,.14080938916587715
30,1024,Rescaled_0.125,.14374346420791126,.13937181605297153,.001337531,2.2529502266540344
30,1024,Rescaled_0.25,.1457405460022593,.13992243607439686,.001337531,1.1264751133270172
30,1024,Rescaled_1.0,.1464546357591085,.1406714727234814,.001337531,.2816187783317543
30,1024,Rescaled_2.0,.14652755595869305,.14093410414790197,.001337531,.14080938916587715
30,1024,Rescaled_4.0,.14652755595869305,.14093410414790197,.001337531,.07040469458293858
30,1024,Rescaled_8.0,.14652755595869305,.14093410414790197,.001337531,.03520234729146929
30,1024,ExactStein,.1395882830211189,.1362113495951515,.044892022,5
30,1024,ImpulseStein,.14316438380716273,.13881138313787997,.034862534,2.79
30,1024,OracleX,.1405174056110862,.13931256204492462,.001334667,.2816187783317543
30,1024,OracleZ,.14651914157122825,.14093881300163505,.002559194,0
30,1024,Ridge,.1464546357591085,.1406714727234814,.001147632,0
30,2048,NaiveX,.13786289148453507,.1383933036619514,134305e-9,0
30,2048,NaiveZ,.14361252526262416,.14054292367285995,133746e-9,0
30,2048,FullInfo,.1419113774230446,.14230597562097486,131372e-9,0
30,2048,MLE,.1141566532240983,.11028883647941422,.003817315,2.548531297288257
30,2048,MM,.14050395295432178,.13773107326104322,184172e-9,2.8613905936121737
30,2048,EmpBayesX,.13786289148453507,.1383933036619514,.005174541,0
30,2048,Rescaled,.14361252526262416,.14054292367285995,.005174541,0
30,2048,Rescaled_0.125,.14361252526262416,.14054292367285995,.005174541,0
30,2048,Rescaled_0.25,.14361252526262416,.14054292367285995,.005174541,0
30,2048,Rescaled_1.0,.14361252526262416,.14054292367285995,.005174541,0
30,2048,Rescaled_2.0,.14361252526262416,.14054292367285995,.005174541,0
30,2048,Rescaled_4.0,.14361252526262416,.14054292367285995,.005174541,0
30,2048,Rescaled_8.0,.14361252526262416,.14054292367285995,.005174541,0
30,2048,ExactStein,.13834850691327946,.1361253552737019,.100987423,4.76
30,2048,ImpulseStein,.13862565500378127,.13636586613042836,.080447311,4.6
30,2048,OracleX,.13786289148453507,.1383933036619514,.006049093,0
30,2048,OracleZ,.14361252526262416,.14054292367285995,.005350331,0
30,2048,Ridge,.14364391661436404,.1401208917003127,.002128203,0
30,4096,NaiveX,.14611888664393496,.14680670989830574,281461e-9,0
30,4096,NaiveZ,.15264927227127564,.14918393959268586,276851e-9,0
30,4096,FullInfo,.15079642136016977,.15106178832312336,293822e-9,0
30,4096,MLE,.12122500605423,.11701523310031509,.008378649,2.465377799484779
30,4096,MM,.14922287499884818,.14682381290319485,372603e-9,2.6998834758096306
30,4096,EmpBayesX,.14644889683218965,.14679777306518782,.021503363,.5589155350805819
30,4096,Rescaled,.1526903735333645,.1492286702499452,.021503363,.27945776754029095
30,4096,Rescaled_0.125,.1472888779356636,.14496100308220417,.021503363,4.471324280644655
30,4096,Rescaled_0.25,.15004181643991055,.1475367680613032,.021503363,2.2356621403223276
30,4096,Rescaled_1.0,.15237559016284458,.14915376427030402,.021503363,.5589155350805819
30,4096,Rescaled_2.0,.1526903735333645,.1492286702499452,.021503363,.27945776754029095
30,4096,Rescaled_4.0,.1526720929685078,.14919877703221535,.021503363,.13972888377014547
30,4096,Rescaled_8.0,.1526618156549053,.14915132673582737,.021503363,.06986444188507274
30,4096,ExactStein,.14857285608505716,.14618289432410037,.241740378,3.5
30,4096,ImpulseStein,.1474860877547994,.1451681004973804,.169372725,4.28
30,4096,OracleX,.14643245923465198,.14690619503996427,.021466347,.20184930219179684
30,4096,OracleZ,.1526903735333645,.1492286702499452,.02214681,.27247963773744555
30,4096,Ridge,.15247459395506346,.1492011424424433,.004226724,.27247963773744555
30,8192,NaiveX,.14712344962428078,.14817544898026253,602241e-9,0
30,8192,NaiveZ,.15331162448236452,.1503278410828199,591905e-9,0
30,8192,FullInfo,.15149715076715364,.15217335413924585,581219e-9,0
30,8192,MLE,.12276226292263089,.11951459264714719,.016234816,2.389794219515555
30,8192,MM,.15045696546171083,.14817044243377003,776076e-9,2.5919397874372185
30,8192,EmpBayesX,.14739679658856986,.14822636806297945,.085050131,.43482486727161124
30,8192,Rescaled,.15321945816960458,.1503760686248175,.085050131,.21741243363580562
30,8192,Rescaled_0.125,.1492836275366834,.14711691764477916,.085050131,3.47859893817289
30,8192,Rescaled_0.25,.1516129695985844,.14921103494516982,.085050131,1.739299469086445
30,8192,Rescaled_1.0,.1531948584630563,.1502966466207321,.085050131,.43482486727161124
30,8192,Rescaled_2.0,.15321945816960458,.1503760686248175,.085050131,.21741243363580562
30,8192,Rescaled_4.0,.15333024630862885,.1503264600841399,.085050131,.10870621681790281
30,8192,Rescaled_8.0,.1533051554615138,.15033625576434917,.085050131,.054353108408951405
30,8192,ExactStein,.15001764484062646,.14780155081627339,.435765959,3
30,8192,ImpulseStein,.14708658379150225,.1449291098825563,.357916115,4.95
30,8192,OracleX,.14733809127851272,.1482802634743674,.085049153,.2749513168843048
30,8192,OracleZ,.15322931417507787,.1503891961534577,.08339126,.2101312449025255
30,8192,Ridge,.1532046531243453,.15030358039343,.009548281,.2101312449025255
30,16384,NaiveX,.15176687092542412,.15191941212776738,.001270274,0
30,16384,NaiveZ,.15764648375862525,.1538605771700642,.001272578,0
30,16384,FullInfo,.1557516527186208,.15569949683900772,.00126699,0
30,16384,MLE,.12680600659147628,.12239065827358668,.031100603,2.383273644480304
30,16384,MM,.1548121910597714,.1517456426906068,.001613613,2.579267704673184
30,16384,EmpBayesX,.1518957900590492,.15195269031916328,.358070115,.2032046284591237
30,16384,Rescaled,.15762338919533883,.15387871970988318,.358070115,.10160231422956185
30,16384,Rescaled_0.125,.1561313296285649,.15276234834811825,.358070115,1.6256370276729897
30,16384,Rescaled_0.25,.15711054949539976,.15353250235249669,.358070115,.8128185138364948
30,16384,Rescaled_1.0,.15756397191050817,.15387632070155116,.358070115,.2032046284591237
30,16384,Rescaled_2.0,.15762338919533883,.15387871970988318,.358070115,.10160231422956185
30,16384,Rescaled_4.0,.15762774053496242,.15389168862478758,.358070115,.05080115711478093
30,16384,Rescaled_8.0,.15765230043942308,.15388747700703082,.358070115,.025400578557390464
30,16384,ExactStein,.15460398050340893,.15149371238896409,.910089684,2.76
30,16384,ImpulseStein,.15762869513191394,.1538928541080522,.750328027,.09
30,16384,OracleX,.15189057114481608,.1519533118059122,.357618591,.20426108105034013
30,16384,OracleZ,.1576098152077957,.15390376683517168,.351621251,.0479547165728207
30,16384,Ridge,.15741570864733972,.15380657293947306,.018373077,.0479547165728207
30,32768,NaiveX,.15435546944432177,.15426049487909999,.002720318,0
30,32768,NaiveZ,.1601764503684724,.1560643195061807,.002724998,0
30,32768,FullInfo,.15807272632646835,.15797076429503365,.002718083,0
30,32768,MLE,.12882539151254652,.12387480159667329,.062476939,2.387718279291511
30,32768,MM,.15749362845701992,.15412987689610813,.003411887,2.5959958476726053
30,32768,EmpBayesX,.15451954105971738,.15433298308522092,1.380266373,.22936807927556557
30,32768,Rescaled,.16015422930726597,.15610469329819535,1.380266373,.11468403963778279
30,32768,Rescaled_0.125,.15846500211222975,.15491423740225935,1.380266373,1.8349446342045246
30,32768,Rescaled_0.25,.15967133014100388,.1558231318660745,1.380266373,.9174723171022623
30,32768,Rescaled_1.0,.16011532781607016,.1561004161078056,1.380266373,.22936807927556557
30,32768,Rescaled_2.0,.16015422930726597,.15610469329819535,1.380266373,.11468403963778279
30,32768,Rescaled_4.0,.16019165697902785,.1560907650379561,1.380266373,.05734201981889139
30,32768,Rescaled_8.0,.1601905245692314,.15606350191754642,1.380266373,.028671009909445697
30,32768,ExactStein,.1572637997367503,.15388515368340983,1.913765081,2.79
30,32768,ImpulseStein,.15604386298957906,.15277196177032476,1.595434098,3.58
30,32768,OracleX,.15451690381539285,.154334249229797,1.395411037,.2309273360325869
30,32768,OracleZ,.16011179437979042,.15612736660011378,1.366083145,.2979445942910222
30,32768,Ridge,.1600340041255583,.1560765911783657,.035984185,.2979445942910222
30,65536,NaiveX,.15319276178969782,.15326717975691279,.006012077,0
30,65536,NaiveZ,.15904223730689998,.15512709416372183,.005986586,0
30,65536,FullInfo,.15699572290909145,.15710932615117146,.00601061,0
30,65536,MLE,.12802306350216142,.1232212532220173,.155935612,2.4030468424308125
30,65536,MM,.15641647082965876,.1530226048340576,.007795753,2.6181304100037117
30,65536,EmpBayesX,.15325991530667116,.1533109267276205,5.535095281,.25766270195425034
30,65536,Rescaled,.15901641904075062,.15515254282646374,5.535095281,.12883135097712517
30,65536,Rescaled_0.125,.15707002002183343,.1536086101656371,5.535095281,2.0613016156340027
30,65536,Rescaled_0.25,.15837445259345295,.1547427203059064,5.535095281,1.0306508078170014
30,65536,Rescaled_1.0,.15896090406148103,.1551442035078103,5.535095281,.25766270195425034
30,65536,Rescaled_2.0,.15901641904075062,.15515254282646374,5.535095281,.12883135097712517
30,65536,Rescaled_4.0,.15902901232857727,.15515016948067245,5.535095281,.06441567548856258
30,65536,Rescaled_8.0,.1590466919645352,.15513767029040318,5.535095281,.03220783774428129
30,65536,ExactStein,.15613598065625373,.1527478908287446,4.127578375,2.83
30,65536,ImpulseStein,.15306248828597876,.14996148232959688,3.469534569,4.98
30,65536,OracleX,.15323349917731588,.15332272605369626,5.585724344,.19070248255024985
30,65536,OracleZ,.1589719496059459,.15517680969739256,5.478554221,.20985051759968892
30,65536,Ridge,.15890552174170658,.15510338355037329,.071248935,.20985051759968892
30,131072,NaiveX,.1540471400177706,.1540816400031208,.013548231,0
30,131072,NaiveZ,.1599359523848612,.1559003833354347,.012946828,0
30,131072,FullInfo,.15784060033790923,.15793107191094014,.013186314,0
30,131072,MLE,.12888429291827078,.12400547561244762,.28248257,2.396666882716944
30,131072,MM,.1573583048612227,.15392015411645765,.016036956,2.6076612924429874
30,131072,EmpBayesX,.15415893724892576,.15415686910567783,22.511655987,.32010852136150075
30,131072,Rescaled,.1599318716009636,.15591820772557596,22.511655987,.16005426068075038
30,131072,Rescaled_0.125,.15742268031122775,.15398627100426615,22.511655987,2.560868170892006
30,131072,Rescaled_0.25,.15901613474036205,.15535861590436012,22.511655987,1.280434085446003
30,131072,Rescaled_1.0,.159888844062072,.15591469996501928,22.511655987,.32010852136150075
30,131072,Rescaled_2.0,.1599318716009636,.15591820772557596,22.511655987,.16005426068075038
30,131072,Rescaled_4.0,.15994196494412793,.15592189955966362,22.511655987,.08002713034037519
30,131072,Rescaled_8.0,.15992601189753142,.1559186144013697,22.511655987,.040013565170187594
30,131072,ExactStein,.15638119785855067,.15305038613221272,8.79073121,3.3
30,131072,ImpulseStein,.1566536196050018,.15330039903625522,7.47283883,3.11
30,131072,OracleX,.15415310757507464,.15416343014420816,22.713193627,.3792399430577167
30,131072,OracleZ,.1599266517773731,.15593278541470876,22.491127399,.2303973543563
30,131072,Ridge,.15984800573937125,.15589224188165002,.150689833,.2303973543563
31,256,NaiveX,.14408492370454207,.14915327573586912,52521e-9,0
31,256,NaiveZ,.15506186818830142,.1543371146320479,22978e-9,0
31,256,FullInfo,.15194693248901406,.1571802290819365,19555e-9,0
31,256,MLE,.11745652076112487,.11463715828637211,570254e-9,2.19714026496044
31,256,MM,.1520845146932567,.15470168644338964,30171e-9,2.4927043788655863
31,256,EmpBayesX,.14664653307482564,.1511297106609712,157911e-9,9.991410276545972
31,256,Rescaled,.14881464948672976,.15307974566615673,157911e-9,4.995705138272986
31,256,Rescaled_0.125,.12483132592771594,.12327608690718093,157911e-9,79.93128221236778
31,256,Rescaled_0.25,.13082595644986184,.13266348194694078,157911e-9,39.96564110618389
31,256,Rescaled_1.0,.1469494656233868,.15002960359773404,157911e-9,9.991410276545972
31,256,Rescaled_2.0,.14881464948672976,.15307974566615673,157911e-9,4.995705138272986
31,256,Rescaled_4.0,.1520845146932567,.15470168644338964,157911e-9,2.497852569136493
31,256,Rescaled_8.0,.154363263618791,.15492934509033998,157911e-9,1.2489262845682465
31,256,ExactStein,.14881464948672976,.15307974566615673,.011145761,5
31,256,ImpulseStein,.15031364945112397,.15422502779592792,.006918827,4
31,256,OracleX,.14664653307482564,.1511297106609712,147785e-9,9.991410276545972
31,256,OracleZ,.154363263618791,.15492934509033998,133466e-9,1.0520082443597343
31,256,Ridge,.15496337521241044,.15450928264279234,447892e-9,1.0520082443597343
31,512,NaiveX,.13510448076711148,.13824582719050682,35759e-9,0
31,512,NaiveZ,.144308317035644,.1415577901434768,34571e-9,0
31,512,FullInfo,.1412830104175773,.14459661117087946,34501e-9,0
31,512,MLE,.11552085663898976,.11238189716890382,.001011442,2.459698499187428
31,512,MM,.1400370931478708,.14154519219946718,50007e-9,2.7102046461197755
31,512,EmpBayesX,.13510448076711148,.13824582719050682,449219e-9,0
31,512,Rescaled,.144308317035644,.1415577901434768,449219e-9,0
31,512,Rescaled_0.125,.144308317035644,.1415577901434768,449219e-9,0
31,512,Rescaled_0.25,.144308317035644,.1415577901434768,449219e-9,0
31,512,Rescaled_1.0,.144308317035644,.1415577901434768,449219e-9,0
31,512,Rescaled_2.0,.144308317035644,.1415577901434768,449219e-9,0
31,512,Rescaled_4.0,.144308317035644,.1415577901434768,449219e-9,0
31,512,Rescaled_8.0,.144308317035644,.1415577901434768,449219e-9,0
31,512,ExactStein,.1442237073687917,.14250917278264852,.020920258,.7
31,512,ImpulseStein,.13913309701313822,.1413347468386226,.015509514,3.66
31,512,OracleX,.1344413908617182,.1389441466766791,454667e-9,.359647005763926
31,512,OracleZ,.1442237073687917,.14250917278264852,425752e-9,.4114021803464943
31,512,Ridge,.1442237073687917,.14250917278264852,696947e-9,.4114021803464943
31,1024,NaiveX,.1343488896365569,.13693410099482073,66349e-9,0
31,1024,NaiveZ,.14264653198205207,.14022210592525217,63905e-9,0
31,1024,FullInfo,.14059046055209973,.1425459958016587,65302e-9,0
31,1024,MLE,.11172000102214955,.10916288018401528,.001932788,2.4903941461378434
31,1024,MM,.13859802305421068,.1391382165923708,94146e-9,2.779322288379051
31,1024,EmpBayesX,.13519667137118324,.13783494311213546,.00153106,.9366692008193894
31,1024,Rescaled,.14270735496089199,.14081136935166844,.00153106,.4683346004096947
31,1024,Rescaled_0.125,.13197902488074795,.13284805057528445,.00153106,7.493353606555115
31,1024,Rescaled_0.25,.1372167137351322,.13846552973878815,.00153106,3.7466768032775577
31,1024,Rescaled_1.0,.141989746337574,.14053887554683808,.00153106,.9366692008193894
31,1024,Rescaled_2.0,.14270735496089199,.14081136935166844,.00153106,.4683346004096947
31,1024,Rescaled_4.0,.1427257167467732,.1404437069114708,.00153106,.23416730020484736
31,1024,Rescaled_8.0,.14264653198205207,.14022210592525214,.00153106,.11708365010242368
31,1024,ExactStein,.1357724284204103,.13655844031430103,.045305063,4.94
31,1024,ImpulseStein,.13650379029782783,.1374664481186062,.036317677,4.17
31,1024,OracleX,.13519667137118324,.13783494311213546,.001524845,.9366692008193894
31,1024,OracleZ,.14268486874508418,.14083817415856106,.001317136,.26012863319594604
31,1024,Ridge,.14268486874508418,.14083817415856106,.001188,.26012863319594604
31,2048,NaiveX,.1362319451999383,.13754811759145377,137169e-9,0
31,2048,NaiveZ,.1428500493389112,.13997527457184716,133327e-9,0
31,2048,FullInfo,.14098354757708295,.14230597562097486,132558e-9,0
31,2048,MLE,.11414563341892824,.11054244843273195,.003811449,2.5280616267193188
31,2048,MM,.13926888303313728,.1383499294871667,182915e-9,2.8251109484428785
31,2048,EmpBayesX,.13716988913507772,.13844632324442624,.006674941,.9367506069736284
31,2048,Rescaled,.14266248431863077,.14039882775098161,.006674941,.4683753034868142
31,2048,Rescaled_0.125,.1331347125057244,.1326236316015567,.006674941,7.4940048557890275
31,2048,Rescaled_0.25,.13810407206239297,.13722055622375862,.006674941,3.7470024278945138
31,2048,Rescaled_1.0,.14200465945023685,.14013288502696059,.006674941,.9367506069736284
31,2048,Rescaled_2.0,.14266248431863077,.14039882775098161,.006674941,.4683753034868142
31,2048,Rescaled_4.0,.1427256362702488,.14019346046518716,.006674941,.2341876517434071
31,2048,Rescaled_8.0,.14274796746136342,.1400997502323893,.006674941,.11709382587170356
31,2048,ExactStein,.13810325801455225,.13687898873921128,.09982289,4.25
31,2048,ImpulseStein,.1378446750655219,.13674472912939706,.08127074,4.31
31,2048,OracleX,.13716988913507772,.13844632324442624,.005731315,.9367506069736284
31,2048,OracleZ,.14266248431863077,.14039882775098161,.005488617,.39458565587932
31,2048,Ridge,.14266248431863077,.14039882775098161,.002150204,.39458565587932
31,4096,NaiveX,.14521760257406696,.1464244861015905,283625e-9,0
31,4096,NaiveZ,.15224453104110264,.14904069587325447,282438e-9,0
31,4096,FullInfo,.15047346302108403,.15106178832312336,27727e-8,0
31,4096,MLE,.12185539868854346,.11653091859916762,.008396249,2.441901219781513
31,4096,MM,.14943079806967804,.14699054974883113,369739e-9,2.655288633505668
31,4096,EmpBayesX,.1455747338276172,.14675910652513907,.023228513,.7162527021401239
31,4096,Rescaled,.15216028752723096,.14926287171715885,.023228513,.35812635107006197
31,4096,Rescaled_0.125,.14484334850102376,.14320492877437807,.023228513,5.7300216171209915
31,4096,Rescaled_0.25,.14933049312210694,.14692679474493903,.023228513,2.8650108085604957
31,4096,Rescaled_1.0,.15167251315050198,.14919424286034294,.023228513,.7162527021401239
31,4096,Rescaled_2.0,.15216028752723096,.14926287171715885,.023228513,.35812635107006197
31,4096,Rescaled_4.0,.1523341019038799,.14918092881221542,.023228513,.17906317553503098
31,4096,Rescaled_8.0,.15226693325451482,.14908185837432275,.023228513,.08953158776751549
31,4096,ExactStein,.14807683566622748,.14595658761747704,.210202498,3.75
31,4096,ImpulseStein,.1463799177492733,.1445443748076672,.171315151,4.68
31,4096,OracleX,.145553934142106,.14680463828075885,.023170894,.8945402522035066
31,4096,OracleZ,.15212763484031294,.14936386743353086,.023094348,.4438113206802089
31,4096,Ridge,.15216028752723096,.14926287171715885,.005071246,.4438113206802089
31,8192,NaiveX,.14672637497602353,.1476016841084619,595257e-9,0
31,8192,NaiveZ,.15363516422347245,.15015614582883174,587994e-9,0
31,8192,FullInfo,.1517740815381472,.15217335413924585,593022e-9,0
31,8192,MLE,.12380233510471432,.1191614210303836,.015732308,2.371395672486499
31,8192,MM,.15125363657449797,.14818932057841872,770489e-9,2.563733047532387
31,8192,EmpBayesX,.1469448621114911,.14778238950789907,.095023816,.4434581425161164
31,8192,Rescaled,.15368759238463503,.15014350397684778,.095023816,.2217290712580582
31,8192,Rescaled_0.125,.14997232001562433,.14704781679228676,.095023816,3.5476651401289314
31,8192,Rescaled_0.25,.1522818444330397,.14903400505522452,.095023816,1.7738325700644657
31,8192,Rescaled_1.0,.1535525762914389,.1502372427588973,.095023816,.4434581425161164
31,8192,Rescaled_2.0,.15368759238463503,.15014350397684778,.095023816,.2217290712580582
31,8192,Rescaled_4.0,.15362207574107742,.15022758621277665,.095023816,.1108645356290291
31,8192,Rescaled_8.0,.15362222704989625,.15016162439120295,.095023816,.05543226781451455
31,8192,ExactStein,.15032511368901508,.14734834498798932,.435363673,3.46
31,8192,ImpulseStein,.15032638245682187,.1473490220743407,.357644851,3.45
31,8192,OracleX,.1469448621114911,.14778238950789907,.094487924,.4434581425161164
31,8192,OracleZ,.1535349226443465,.15027474717493614,.088008957,.4689554635622381
31,8192,Ridge,.1536944907359039,.15016532785321401,.009857189,.4689554635622381
31,16384,NaiveX,.15096471652172438,.15137379671313078,.001257911,0
31,16384,NaiveZ,.15756799513859476,.15351936290345888,.001269575,0
31,16384,FullInfo,.15555629673843224,.15569949683900772,.001273486,0
31,16384,MLE,.12736072275503857,.12228538117806695,.032086623,2.3766506089920103
31,16384,MM,.15458186465796345,.15125286719744518,.001608514,2.57274064978119
31,16384,EmpBayesX,.15114062160744052,.15142905013540375,.352469752,.8241093890059228
31,16384,Rescaled,.15739411222441885,.15361076268442356,.352469752,.4120546945029614
31,16384,Rescaled_0.125,.1487181962180226,.14583612898598322,.352469752,6.592875112047382
31,16384,Rescaled_0.25,.153574697197832,.15046269280026195,.352469752,3.296437556023691
31,16384,Rescaled_1.0,.15713778030141837,.15332385461895112,.352469752,.8241093890059228
31,16384,Rescaled_2.0,.15739411222441885,.15361076268442356,.352469752,.4120546945029614
31,16384,Rescaled_4.0,.15747632974385986,.15352911834052557,.352469752,.2060273472514807
31,16384,Rescaled_8.0,.15749798323365627,.15354551379200854,.352469752,.10301367362574035
31,16384,ExactStein,.15369912519535336,.1506007727163228,.920046816,3.19
31,16384,ImpulseStein,.15217349815419584,.14915476898345614,.751058846,4.16
31,16384,OracleX,.1510932286609763,.15148068674487,.352261765,.35261121309250715
31,16384,OracleZ,.1573934324552969,.1536115308472414,.348475739,.4015490685424294
31,16384,Ridge,.1574076018545187,.15360331616072076,.018575756,.4015490685424294
31,32768,NaiveX,.1534234385287101,.1539305082269094,.002749372,0
31,32768,NaiveZ,.15988957411847834,.15596494861323712,.002729257,0
31,32768,FullInfo,.15781376458792945,.15797076429503365,.002714242,0
31,32768,MLE,.12884336627943532,.12354184591292126,.065031943,2.387899749410664
31,32768,MM,.15714312852460643,.1539644088791683,.003403296,2.5947184393841307
31,32768,EmpBayesX,.15362793610354858,.15398434080256662,1.43822095,.7555669556517832
31,32768,Rescaled,.1597609419048877,.15600069209706394,1.43822095,.3777834778258916
31,32768,Rescaled_0.125,.1522410809291992,.14956499704338203,1.43822095,6.044535645214266
31,32768,Rescaled_0.25,.15647242795525484,.15341071722381291,1.43822095,3.022267822607133
31,32768,Rescaled_1.0,.159533367430603,.15583370656759296,1.43822095,.7555669556517832
31,32768,Rescaled_2.0,.1597609419048877,.15600069209706394,1.43822095,.3777834778258916
31,32768,Rescaled_4.0,.15980895140842954,.15599058335251065,1.43822095,.1888917389129458
31,32768,Rescaled_8.0,.15984709054710355,.1559975844441774,1.43822095,.0944458694564729
31,32768,ExactStein,.15632249715742355,.15326563901537396,1.90853823,3.17
31,32768,ImpulseStein,.15503160461459198,.15210801096545912,1.590818567,4.05
31,32768,OracleX,.1535220001327187,.15401365692191493,1.38869468,.448472843117275
31,32768,OracleZ,.15986695487947555,.15600936754724515,1.383094876,.0682045363585456
31,32768,Ridge,.15976001299401443,.15599998255876613,.035140014,.0682045363585456
31,65536,NaiveX,.15263035998446142,.1530466990656553,.005959696,0
31,65536,NaiveZ,.15896810248092813,.15508614898203127,.006471702,0
31,65536,FullInfo,.15689476655203752,.15710932615117146,.005955716,0
31,65536,MLE,.12797303405984192,.12303300627695832,.124502773,2.4030763368510355
31,65536,MM,.15623542780385996,.15301701047966654,.007293874,2.6171645917057105
31,65536,EmpBayesX,.15283225448273183,.15313935082568425,5.608534158,.6797329330093003
31,65536,Rescaled,.15891649892405427,.1550958835760606,5.608534158,.33986646650465013
31,65536,Rescaled_0.125,.15213571175986987,.1493854456764782,5.608534158,5.437863464074402
31,65536,Rescaled_0.25,.15607980895252516,.15286360984024466,5.608534158,2.718931732037201
31,65536,Rescaled_1.0,.158706765428636,.15499171368562586,5.608534158,.6797329330093003
31,65536,Rescaled_2.0,.15891649892405427,.1550958835760606,5.608534158,.33986646650465013
31,65536,Rescaled_4.0,.15894093055540442,.1551040278975302,5.608534158,.16993323325232507
31,65536,Rescaled_8.0,.15897054411963515,.15510372254237736,5.608534158,.08496661662616253
31,65536,ExactStein,.1556545494977645,.1525250861365327,4.131759353,3.04
31,65536,ImpulseStein,.15434265307763825,.151334104027846,3.477151738,3.99
31,65536,OracleX,.15280807338585187,.15315272608633815,5.667206494,.4481470304038959
31,65536,OracleZ,.1588736898837354,.1551241098828413,5.588615424,.39402634958113986
31,65536,Ridge,.15887331210671207,.15512202069430575,.071152973,.39402634958113986
31,131072,NaiveX,.153855246447812,.1539367898244283,.013626034,0
31,131072,NaiveZ,.1600138306430125,.15595734246252538,.013133444,0
31,131072,FullInfo,.15789403652549797,.15793107191094014,.013182682,0
31,131072,MLE,.1288707133240772,.12371607701208803,.251661612,2.394787680801303
31,131072,MM,.1574194367338801,.1539634689651575,.016244734,2.603050699406208
31,131072,EmpBayesX,.15402482336204362,.15402029376622156,23.189301727,.5080394005675185
31,131072,Rescaled,.15996135687296875,.15596319949895407,23.189301727,.25401970028375925
31,131072,Rescaled_0.125,.15521425063149658,.15202678744986223,23.189301727,4.064315204540148
31,131072,Rescaled_0.25,.15818183510945882,.15465218168029315,23.189301727,2.032157602270074
31,131072,Rescaled_1.0,.15984852484078604,.15595273255461126,23.189301727,.5080394005675185
31,131072,Rescaled_2.0,.15996135687296875,.15596319949895407,23.189301727,.25401970028375925
31,131072,Rescaled_4.0,.1599861449710165,.15597610567758546,23.189301727,.12700985014187963
31,131072,Rescaled_8.0,.1600029974109388,.15597035314643448,23.189301727,.06350492507093981
31,131072,ExactStein,.15688020796580138,.15352763890651952,8.815479888,2.96
31,131072,ImpulseStein,.15391127841670108,.15082628941835496,7.47799996,4.99
31,131072,OracleX,.15400332956625898,.15403216884183982,22.644614654,.3717297297154159
31,131072,OracleZ,.1599705463735273,.15598064317535504,22.704204215,.16536378850654068
31,131072,Ridge,.15990316178566003,.15596215853353312,.150882455,.16536378850654068
32,256,NaiveX,.15325359532821153,.153422398951776,51334e-9,0
32,256,NaiveZ,.16072146498168477,.15483093446032692,20464e-9,0
32,256,FullInfo,.15734778176094166,.1571802290819365,19207e-9,0
32,256,MLE,.1235615911448982,.11818893907534365,572908e-9,2.2162693927888535
32,256,MM,.15968853497992064,.15518346585835957,29682e-9,2.523960969962906
32,256,EmpBayesX,.1563153935173013,.15383123023144674,125225e-9,2.0051667883826902
32,256,Rescaled,.15996261390550764,.15508434366527818,125225e-9,1.0025833941913451
32,256,Rescaled_0.125,.1499041856913556,.1473236640801076,125225e-9,16.041334307061522
32,256,Rescaled_0.25,.15527176955714325,.1514513024546047,125225e-9,8.020667153530761
32,256,Rescaled_1.0,.15995640103850606,.15553169655163868,125225e-9,2.0051667883826902
32,256,Rescaled_2.0,.15996261390550764,.15508434366527818,125225e-9,1.0025833941913451
32,256,Rescaled_4.0,.15943417153801603,.1551059711577647,125225e-9,.5012916970956726
32,256,Rescaled_8.0,.15970198471079083,.15501759470063017,125225e-9,.2506458485478363
32,256,ExactStein,.15995640103850606,.15553169655163868,.009404129,2.32
32,256,ImpulseStein,.15995640103850606,.15553169655163868,.006905488,2.19
32,256,OracleX,.15411867516011127,.15426091859255592,126482e-9,.47575305948625785
32,256,OracleZ,.15995640103850606,.15553169655163868,130393e-9,1.6078885024629432
32,256,Ridge,.15943417153801603,.1551059711577647,.002314261,1.6078885024629432
32,512,NaiveX,.1402450095360822,.14029594277999766,36876e-9,0
32,512,NaiveZ,.14647657380449175,.1425612097340465,34153e-9,0
32,512,FullInfo,.14500019835229036,.14459661117087946,33663e-9,0
32,512,MLE,.11711453433107974,.11261622761609433,.001032673,2.4510835253842274
32,512,MM,.14619675089322742,.1401595721953277,59365e-9,2.7215744377056863
32,512,EmpBayesX,.14046262983054286,.14057494554894084,426241e-9,.1856887552619601
32,512,Rescaled,.14647657380449175,.1425612097340465,426241e-9,.09284437763098005
32,512,Rescaled_0.125,.14664966050338077,.14023257526275257,426241e-9,1.4855100420956808
32,512,Rescaled_0.25,.1471722550219937,.14146295769962153,426241e-9,.7427550210478404
32,512,Rescaled_1.0,.14648047423023466,.14253357742404965,426241e-9,.1856887552619601
32,512,Rescaled_2.0,.14647657380449175,.1425612097340465,426241e-9,.09284437763098005
32,512,Rescaled_4.0,.14647657380449175,.1425612097340465,426241e-9,.046422188815490026
32,512,Rescaled_8.0,.14647657380449175,.1425612097340465,426241e-9,.023211094407745013
32,512,ExactStein,.14619675089322742,.1401595721953277,.018981883,2.86
32,512,ImpulseStein,.14598851393120232,.13979403831557463,.015433317,3.08
32,512,OracleX,.14046262983054286,.14057494554894084,415346e-9,.1856887552619601
32,512,OracleZ,.14647657380449175,.1425612097340465,41828e-8,0
32,512,Ridge,.1471627393538411,.1414708994600946,68207e-8,0
32,1024,NaiveX,.13734326798261404,.13778076654338828,65581e-9,0
32,1024,NaiveZ,.14326981977686173,.14066298021254117,64533e-9,0
32,1024,FullInfo,.14285005885370017,.1425459958016587,65092e-9,0
32,1024,MLE,.11415302006702574,.10954795760101105,.0019404,2.501468871619079
32,1024,MM,.14258659035509547,.13796248644361303,92609e-9,2.811603750300817
32,1024,EmpBayesX,.13734326798261404,.13778076654338828,.0015004,0
32,1024,Rescaled,.14326981977686173,.14066298021254117,.0015004,0
32,1024,Rescaled_0.125,.14326981977686173,.14066298021254117,.0015004,0
32,1024,Rescaled_0.25,.14326981977686173,.14066298021254117,.0015004,0
32,1024,Rescaled_1.0,.14326981977686173,.14066298021254117,.0015004,0
32,1024,Rescaled_2.0,.14326981977686173,.14066298021254117,.0015004,0
32,1024,Rescaled_4.0,.14326981977686173,.14066298021254117,.0015004,0
32,1024,Rescaled_8.0,.14326981977686173,.14066298021254117,.0015004,0
32,1024,ExactStein,.14151302273922245,.13694109453049644,.046205317,3.83
32,1024,ImpulseStein,.14090408151109707,.1366263672222271,.034927696,4.1
32,1024,OracleX,.13639065250094895,.13801292738443227,.00150515,.7319475559273044
32,1024,OracleZ,.14416483749392145,.14085001432271213,.001525124,.21580887836211093
32,1024,Ridge,.14450738143749506,.14025307899327613,.001176547,.21580887836211093
32,2048,NaiveX,.13664049274006704,.13846785678178594,13626e-8,0
32,2048,NaiveZ,.14332746219383846,.1401325326917294,131371e-9,0
32,2048,FullInfo,.14132416339541573,.14230597562097486,13214e-8,0
32,2048,MLE,.1137287918110069,.10875624732443048,.004797468,2.576029114583751
32,2048,MM,.1418302035388775,.13822714126437866,179143e-9,2.903925089494675
32,2048,EmpBayesX,.13670546542955236,.138270607315205,.005545468,.23498380224197282
32,2048,Rescaled,.14345218091176548,.14025864463320092,.005545468,.11749190112098641
32,2048,Rescaled_0.125,.14285070038868394,.13887612328057872,.005545468,1.8798704179357826
32,2048,Rescaled_0.25,.1436992851995731,.13981581373302565,.005545468,.9399352089678913
32,2048,Rescaled_1.0,.14363807280064278,.14020217788002953,.005545468,.23498380224197282
32,2048,Rescaled_2.0,.14345218091176548,.14025864463320092,.005545468,.11749190112098641
32,2048,Rescaled_4.0,.14333830101854,.14015194705380785,.005545468,.058745950560493206
32,2048,Rescaled_8.0,.14333830101854,.14015194705380785,.005545468,.029372975280246603
32,2048,ExactStein,.14176943660542807,.13823471556346267,.106037506,3.22
32,2048,ImpulseStein,.14182510595836978,.1382278905869834,.107085615,2.96
32,2048,OracleX,.13668048817906625,.13848808172721921,.005523258,.008051650130227643
32,2048,OracleZ,.14345218091176548,.14025864463320092,.005265614,.11227198165964186
32,2048,Ridge,.14396340227788318,.13999241184287048,.002901416,.11227198165964186
32,4096,NaiveX,.14515043577395076,.14713708785911084,285372e-9,0
32,4096,NaiveZ,.15144559252558687,.1493033545926693,278736e-9,0
32,4096,FullInfo,.1498822633173011,.15106178832312336,27727e-8,0
32,4096,MLE,.11917658085989648,.11555792472810558,.008257405,2.471856345887466
32,4096,MM,.14937354608777964,.14725059321249825,367644e-9,2.7012893436877565
32,4096,EmpBayesX,.14519341859766077,.14725045119494443,.021987153,.2648444295931515
32,4096,Rescaled,.15170590563914862,.14921319673018274,.021987153,.13242221479657576
32,4096,Rescaled_0.125,.15029466273380035,.14804063164619896,.021987153,2.118755436745212
32,4096,Rescaled_0.25,.15133857801453326,.14907965490922082,.021987153,1.059377718372606
32,4096,Rescaled_1.0,.151743748513284,.14925434201330892,.021987153,.2648444295931515
32,4096,Rescaled_2.0,.15170590563914862,.14921319673018274,.021987153,.13242221479657576
32,4096,Rescaled_4.0,.15162155725887866,.14929542444131905,.021987153,.06621110739828788
32,4096,Rescaled_8.0,.15150032355969123,.1493235535832551,.021987153,.03310555369914394
32,4096,ExactStein,.1490356137846865,.14680697974257434,.209730861,3.23
32,4096,ImpulseStein,.14809161205148663,.1458215497987222,.169950033,3.53
32,4096,OracleX,.1450397843286544,.14726842612211177,.022040861,.40100331328870026
32,4096,OracleZ,.15150790691534477,.1493250427102341,.022800735,.0017317165737041691
32,4096,Ridge,.15164014668857123,.14922994829874237,.004899925,.0017317165737041691
32,8192,NaiveX,.14632451918916795,.14811248188037596,591346e-9,0
32,8192,NaiveZ,.1526452446237129,.15027016408313082,592882e-9,0
32,8192,FullInfo,.15079811554969313,.15217335413924585,582127e-9,0
32,8192,MLE,.12241219969903377,.11879774597604316,.015183076,2.391668251132769
32,8192,MM,.1500554455567671,.14810210064325496,772934e-9,2.594182901947791
32,8192,EmpBayesX,.14640257100395476,.14814637146987453,.091367275,.06591653477857924
32,8192,Rescaled,.15265239519803528,.15029671197877437,.091367275,.03295826738928962
32,8192,Rescaled_0.125,.15263007770458026,.15025673203250645,.091367275,.5273322782286339
32,8192,Rescaled_0.25,.15268409383330386,.1503352881084493,.091367275,.26366613911431697
32,8192,Rescaled_1.0,.15266164803947196,.15032541601206068,.091367275,.06591653477857924
32,8192,Rescaled_2.0,.15265239519803528,.15029671197877437,.091367275,.03295826738928962
32,8192,Rescaled_4.0,.15265290998835104,.1502772232500792,.091367275,.01647913369464481
32,8192,Rescaled_8.0,.15265142796177716,.15027516638536037,.091367275,.008239566847322405
32,8192,ExactStein,.14717741050679584,.1453974423270068,.433761584,4.73
32,8192,ImpulseStein,.14717741050679584,.1453974423270068,.355685385,4.73
32,8192,OracleX,.14627978660543572,.1482346330077912,.09033516,.23382799569309085
32,8192,OracleZ,.15268792432317388,.1503768383339985,.089388462,.319517678292217
32,8192,Ridge,.1526666430029585,.1503618194441405,.00957971,.319517678292217
32,16384,NaiveX,.1515144023907993,.1519451914977639,.001279492,0
32,16384,NaiveZ,.15719069105468358,.15361204530256845,.001260565,0
32,16384,FullInfo,.1553258954199928,.15569949683900772,.001267829,0
32,16384,MLE,.12628424824487383,.1219859686433237,.031616171,2.380122912223293
32,16384,MM,.15438612312643674,.1512610810118302,.00160188,2.576762673474071
32,16384,EmpBayesX,.1515691712310655,.15194906527350965,.359867551,.05374362031262536
32,16384,Rescaled,.157241540552576,.15366719526616132,.359867551,.02687181015631268
32,16384,Rescaled_0.125,.1570103876611335,.1535198243619255,.359867551,.4299489625010029
32,16384,Rescaled_0.25,.15711058966534025,.15368046819462222,.359867551,.21497448125050145
32,16384,Rescaled_1.0,.15724508654374675,.1536697051632525,.359867551,.05374362031262536
32,16384,Rescaled_2.0,.157241540552576,.15366719526616132,.359867551,.02687181015631268
32,16384,Rescaled_4.0,.15721376661404407,.1536353037597847,.359867551,.01343590507815634
32,16384,Rescaled_8.0,.15719069105468356,.15361204530256845,.359867551,.00671795253907817
32,16384,ExactStein,.15438484394158591,.15125834685058465,.905452013,2.59
32,16384,ImpulseStein,.15239958128675346,.14936107554061212,.747676572,4.03
32,16384,OracleX,.15152232518078396,.15196172248449732,.363362338,.10020502204085042
32,16384,OracleZ,.15717980005518215,.15370356154451614,.355951689,.17774112484097543
32,16384,Ridge,.15710063836097393,.1535346136008361,.018264264,.17774112484097543
32,32768,NaiveX,.1539625688879317,.15411889755960959,.002750699,0
32,32768,NaiveZ,.1597854435767469,.1559679996852258,.002686375,0
32,32768,FullInfo,.15790599458138577,.15797076429503365,.002764667,0
32,32768,MLE,.12821087491138894,.12325583417579866,.062843117,2.381360115898734
32,32768,MM,.15704894900455713,.15386969288822422,.003393099,2.5850466697222108
32,32768,EmpBayesX,.15403389380615243,.15416210909053818,1.384010634,.3559674566322068
32,32768,Rescaled,.15974667561608774,.15598482572092215,1.384010634,.1779837283161034
32,32768,Rescaled_0.125,.15670185239241852,.15351274252381342,1.384010634,2.8477396530576544
32,32768,Rescaled_0.25,.15879609208049172,.15527039917516305,1.384010634,1.4238698265288272
32,32768,Rescaled_1.0,.1596565690710538,.15593439969871026,1.384010634,.3559674566322068
32,32768,Rescaled_2.0,.15974667561608774,.15598482572092215,1.384010634,.1779837283161034
32,32768,Rescaled_4.0,.15981352836177304,.15598697978804482,1.384010634,.0889918641580517
32,32768,Rescaled_8.0,.1598117523325927,.15595791843866944,1.384010634,.04449593207902585
32,32768,ExactStein,.15564589363665912,.1524790474555842,1.903161149,3.67
32,32768,ImpulseStein,.15462969800050186,.1517102785693504,1.587923925,4.42
32,32768,OracleX,.15395729264177987,.154185686438495,1.368750034,.1781544062568063
32,32768,OracleZ,.1597552073364335,.1560080247423457,1.369776492,.264688112900814
32,32768,Ridge,.15964494437044796,.15592784053267794,.03582816,.264688112900814
32,65536,NaiveX,.15285404634687705,.15319963647234555,.00600216,0
32,65536,NaiveZ,.15869816419607405,.15506073203788967,.005965144,0
32,65536,FullInfo,.15677903137281385,.15710932615117146,.006000973,0
32,65536,MLE,.12730646512410698,.1225767770191015,.156126837,2.396741328075505
32,65536,MM,.15612183525745332,.15306067355932906,.00783263,2.6052261384199227
32,65536,EmpBayesX,.15295997837451009,.15329387327721608,5.470346195,.5346656090717955
32,65536,Rescaled,.15871888419870003,.1551332824122511,5.470346195,.26733280453589775
32,65536,Rescaled_0.125,.15389612198346056,.151012823857284,5.470346195,4.277324872574364
32,65536,Rescaled_0.25,.15681918526839347,.15364902335913322,5.470346195,2.138662436287182
32,65536,Rescaled_1.0,.15861288145655933,.15506413723731138,5.470346195,.5346656090717955
32,65536,Rescaled_2.0,.15871888419870003,.1551332824122511,5.470346195,.26733280453589775
32,65536,Rescaled_4.0,.1587114297850652,.15511077565832332,5.470346195,.13366640226794888
32,65536,Rescaled_8.0,.1587225818896448,.15506764667296133,5.470346195,.06683320113397444
32,65536,ExactStein,.1551868343860232,.15213896278541938,4.119771307,3.36
32,65536,ImpulseStein,.1532644777247747,.15045321110368984,3.474093599,4.74
32,65536,OracleX,.15292700801371772,.15330620339055495,5.475187033,.3389905419699967
32,65536,OracleZ,.1587147509929105,.15513529907211596,5.415124996,.2251635707991902
32,65536,Ridge,.1586548715136648,.15507671669937004,.071725322,.2251635707991902
32,131072,NaiveX,.153541419147364,.1540678810600091,.013180586,0
32,131072,NaiveZ,.15948675184881134,.1559304310103842,.01312213,0
32,131072,FullInfo,.15753357759805442,.15793107191094014,.013194695,0
32,131072,MLE,.12814333167016292,.12366809447077692,.283161148,2.3959739981248274
32,131072,MM,.15700802386141893,.15395573298654286,.016157292,2.6046722954159804
32,131072,EmpBayesX,.1536964765107871,.15420481386020424,22.719572441,.44145795676901517
32,131072,Rescaled,.15949001972377208,.15595158446409518,22.719572441,.22072897838450758
32,131072,Rescaled_0.125,.15577002288918193,.15280267157469968,22.719572441,3.5316636541521214
32,131072,Rescaled_0.25,.15811018452870365,.15486250943819685,22.719572441,1.7658318270760607
32,131072,Rescaled_1.0,.15940729455336405,.1559034293610967,22.719572441,.44145795676901517
32,131072,Rescaled_2.0,.15949001972377208,.15595158446409518,22.719572441,.22072897838450758
32,131072,Rescaled_4.0,.15949813639501864,.15593723947934146,22.719572441,.11036448919225379
32,131072,Rescaled_8.0,.15949807042874084,.1559351170304735,22.719572441,.055182244596126896
32,131072,ExactStein,.15623333879172352,.15321277610412876,8.84164795,3.23
32,131072,ImpulseStein,.15623333879172352,.15321277610412876,7.523767722,3.23
32,131072,OracleX,.15369365889277342,.15420800519079841,23.052219002,.42346237061408665
32,131072,OracleZ,.15949191284576625,.15595713199302527,22.567517351,.16759141498156468
32,131072,Ridge,.15942383151769535,.15589731184257782,.15236309,.16759141498156468
33,256,NaiveX,.15609127397706807,.15366140758112645,49308e-9,0
33,256,NaiveZ,.16418411166204716,.15554318859861022,23257e-9,0
33,256,FullInfo,.16174421332798922,.1571802290819365,19625e-9,0
33,256,MLE,.1253233564579316,.11414552077808378,569835e-9,2.1825484466622402
33,256,MM,.16201266452301707,.15457930981050608,29753e-9,2.4886360886741747
33,256,EmpBayesX,.15742900376447017,.1545027899783142,132349e-9,2.2081881781097645
33,256,Rescaled,.1642867162756633,.1555131064448933,132349e-9,1.1040940890548823
33,256,Rescaled_0.125,.1561991346816698,.14858628147795103,132349e-9,17.665505424878116
33,256,Rescaled_0.25,.15786628121067975,.15045150460461418,132349e-9,8.832752712439058
33,256,Rescaled_1.0,.16201266452301707,.15457930981050608,132349e-9,2.2081881781097645
33,256,Rescaled_2.0,.1642867162756633,.1555131064448933,132349e-9,1.1040940890548823
33,256,Rescaled_4.0,.16428671627566327,.1555131064448933,132349e-9,.5520470445274411
33,256,Rescaled_8.0,.16418411166204716,.15554318859861022,132349e-9,.27602352226372057
33,256,ExactStein,.1603261103052233,.1531435894155404,.011196326,5
33,256,ImpulseStein,.1603261103052233,.1531435894155404,.006909398,5
33,256,OracleX,.15742900376447017,.1545027899783142,138704e-9,2.2081881781097645
33,256,OracleZ,.16418411166204716,.15554318859861022,11461e-8,0
33,256,Ridge,.16418411166204716,.15554318859861022,441397e-9,0
33,512,NaiveX,.13807584642022908,.13972763442403,34572e-9,0
33,512,NaiveZ,.14632325426878684,.14174807529030845,32476e-9,0
33,512,FullInfo,.14410009240633892,.14459661117087946,32616e-9,0
33,512,MLE,.1135059763383131,.11064131108279013,.001017936,2.394499528271381
33,512,MM,.14179222644535264,.13923493973528211,51334e-9,2.643491287188284
33,512,EmpBayesX,.13922712525172368,.14015406794088764,476666e-9,.9121530268754586
33,512,Rescaled,.14584552858455532,.14162283664271014,476666e-9,.4560765134377293
33,512,Rescaled_0.125,.13825549353423955,.1346997246522089,476666e-9,7.297224215003669
33,512,Rescaled_0.25,.14136647859939228,.13910253596028627,476666e-9,3.6486121075018345
33,512,Rescaled_1.0,.14564160888202576,.142122808538865,476666e-9,.9121530268754586
33,512,Rescaled_2.0,.14584552858455532,.14162283664271014,476666e-9,.4560765134377293
33,512,Rescaled_4.0,.1462760709377236,.14201101408543543,476666e-9,.22803825671886466
33,512,Rescaled_8.0,.14627652785138426,.14196974367952248,476666e-9,.11401912835943233
33,512,ExactStein,.14576128010795114,.14214817072938385,.020702424,.78
33,512,ImpulseStein,.1413909376034637,.138687064021592,.015388409,4.15
33,512,OracleX,.13915810757433844,.14016458426978132,482463e-9,.9477801564407797
33,512,OracleZ,.14576128010795114,.14214817072938385,470521e-9,.6587403053702956
33,512,Ridge,.14576128010795114,.14214817072938385,697016e-9,.6587403053702956
33,1024,NaiveX,.13823476202772922,.13786880279901623,65442e-9,0
33,1024,NaiveZ,.14557931527836832,.13990071249438274,65022e-9,0
33,1024,FullInfo,.14303029369464984,.1425459958016587,65022e-9,0
33,1024,MLE,.11203908834873538,.10657113913036964,.001941518,2.4870781308725003
33,1024,MM,.1418271988524386,.13740424554940706,93168e-9,2.791767769495472
33,1024,EmpBayesX,.1394058404789757,.13768686517525192,.001469321,2.582227244810651
33,1024,Rescaled,.14439148524086615,.13869012179859103,.001469321,1.2911136224053255
33,1024,Rescaled_0.125,.1271124942054709,.1222026336278907,.001469321,20.657817958485207
33,1024,Rescaled_0.25,.13476853508545195,.13072583927411674,.001469321,10.328908979242604
33,1024,Rescaled_1.0,.1418271988524386,.13740424554940706,.001469321,2.582227244810651
33,1024,Rescaled_2.0,.14439148524086615,.13869012179859103,.001469321,1.2911136224053255
33,1024,Rescaled_4.0,.1448608971219977,.13952333347411777,.001469321,.6455568112026627
33,1024,Rescaled_8.0,.1453189273493581,.13960873756371822,.001469321,.32277840560133136
33,1024,ExactStein,.14100043897429357,.1359966744633448,.045336002,5
33,1024,ImpulseStein,.14120789439177453,.13649301437062555,.036273886,4.56
33,1024,OracleX,.13911430891690713,.138303595071336,.001471836,.058435311744704344
33,1024,OracleZ,.14557931527836832,.13990071249438274,.001384813,0
33,1024,Ridge,.1450981147523523,.13946547380067237,.001172426,0
33,2048,NaiveX,.13756322633409584,.13831030720220105,134654e-9,0
33,2048,NaiveZ,.1445941924653702,.14010434049324716,133676e-9,0
33,2048,FullInfo,.14223786864202514,.14230597562097486,13207e-8,0
33,2048,MLE,.1142023734225937,.10979747675245727,.003796502,2.5274708139638213
33,2048,MM,.14198244457646658,.13798917521000753,181936e-9,2.829209259491694
33,2048,EmpBayesX,.13789715813098788,.13842791646670488,.005438401,.07790039134326074
33,2048,Rescaled,.1446201474295507,.14011279582860056,.005438401,.03895019567163037
33,2048,Rescaled_0.125,.14415237664614972,.13982633347031492,.005438401,.6232031307460859
33,2048,Rescaled_0.25,.14427291901163114,.1398378535929837,.005438401,.31160156537304295
33,2048,Rescaled_1.0,.14462007901110857,.14011035905164607,.005438401,.07790039134326074
33,2048,Rescaled_2.0,.1446201474295507,.14011279582860056,.005438401,.03895019567163037
33,2048,Rescaled_4.0,.14464121469453195,.14016534652517096,.005438401,.019475097835815185
33,2048,Rescaled_8.0,.14464121469453195,.14016534652517096,.005438401,.009737548917907592
33,2048,ExactStein,.14038294346109106,.13624696899835081,.099817303,4.92
33,2048,ImpulseStein,.14062223840273255,.1364198371455862,.081092365,4.47
33,2048,OracleX,.13789715813098788,.13842791646670488,.00547416,.07790039134326074
33,2048,OracleZ,.14464121469453195,.14016534652517096,.005116363,.0032050896645658537
33,2048,Ridge,.14424984504604793,.1399296245463098,.00216459,.0032050896645658537
33,4096,NaiveX,.1473530246647173,.14721181915819742,283835e-9,0
33,4096,NaiveZ,.15371509730534688,.14904000791272085,27734e-8,0
33,4096,FullInfo,.1515002800125911,.15106178832312336,277689e-9,0
33,4096,MLE,.12149443391511087,.11659003878016527,.008413849,2.4496294506107965
33,4096,MM,.151270428533763,.14690016850938192,374559e-9,2.669121618943694
33,4096,EmpBayesX,.14756377739910165,.14725614920809932,.023609008,.06971746664280007
33,4096,Rescaled,.15372898685093545,.14903422237790762,.023609008,.034858733321400034
33,4096,Rescaled_0.125,.15344543085596074,.14881849633179015,.023609008,.5577397331424006
33,4096,Rescaled_0.25,.15368620591111182,.14892885457398464,.023609008,.2788698665712003
33,4096,Rescaled_1.0,.15374264128681656,.14902821906514677,.023609008,.06971746664280007
33,4096,Rescaled_2.0,.15372898685093545,.14903422237790762,.023609008,.034858733321400034
33,4096,Rescaled_4.0,.15371509730534688,.14904000791272085,.023609008,.017429366660700017
33,4096,Rescaled_8.0,.15371509730534688,.14904000791272085,.023609008,.008714683330350009
33,4096,ExactStein,.1491209590810999,.14494134312275125,.209328295,4.5
33,4096,ImpulseStein,.1536643562195963,.14891423444258034,.170381792,.33
33,4096,OracleX,.14750070323731357,.1472662138412931,.023624791,.06356644349320716
33,4096,OracleZ,.15369386127502765,.14909421486238486,.022465356,.17454632258944866
33,4096,Ridge,.1537207302044517,.1489222880173919,.005075436,.17454632258944866
33,8192,NaiveX,.14885530056892546,.1481281106420071,599867e-9,0
33,8192,NaiveZ,.15471951257920563,.15001499754967407,596655e-9,0
33,8192,FullInfo,.15262605381041588,.15217335413924585,583524e-9,0
33,8192,MLE,.12474145930865639,.11874653545744722,.015736638,2.372388407109165
33,8192,MM,.1520259978484837,.1479266575667416,768952e-9,2.5642910851634078
33,8192,EmpBayesX,.14892161964663123,.14814776585535983,.0888833,.5211370520090166
33,8192,Rescaled,.15474686841507057,.14993553285932365,.0888833,.2605685260045083
33,8192,Rescaled_0.125,.14987655212350315,.1460855809517419,.0888833,4.169096416072133
33,8192,Rescaled_0.25,.15295154337728256,.1486940869744694,.0888833,2.0845482080360664
33,8192,Rescaled_1.0,.15461206455397497,.1500328215895067,.0888833,.5211370520090166
33,8192,Rescaled_2.0,.15474686841507057,.14993553285932365,.0888833,.2605685260045083
33,8192,Rescaled_4.0,.15474415272187864,.1499433863428254,.0888833,.13028426300225415
33,8192,Rescaled_8.0,.15470006899542627,.14993960972202436,.0888833,.06514213150112708
33,8192,ExactStein,.1488689529905783,.14513505967335272,.436796537,5
33,8192,ImpulseStein,.14913544518752586,.1453633122381046,.359317899,4.79
33,8192,OracleX,.1489141647080619,.1481504857613667,.087729312,.5158632968015155
33,8192,OracleZ,.15457471716061522,.15004741225382412,.086798747,.5058573906967438
33,8192,Ridge,.1546334711461114,.15000274927926815,.009155634,.5058573906967438
33,16384,NaiveX,.1522133120094683,.15157532562910553,.00127195,0
33,16384,NaiveZ,.15821846622041463,.15345842713181318,.001269994,0
33,16384,FullInfo,.15608171854537348,.15569949683900772,.001275721,0
33,16384,MLE,.12742124201788257,.12213496740626792,.033291524,2.374475814614175
33,16384,MM,.15565210760692288,.1514023377279644,.001613333,2.568906409550289
33,16384,EmpBayesX,.15221447421763207,.15157926750081127,.362704923,.004001536067427435
33,16384,Rescaled,.15821290702392415,.15346879880219666,.362704923,.0020007680337137176
33,16384,Rescaled_0.125,.15820918790823152,.15346286164443088,.362704923,.03201228853941948
33,16384,Rescaled_0.25,.15820775651690638,.1534832881485666,.362704923,.01600614426970974
33,16384,Rescaled_1.0,.15821290702392415,.15346879880219666,.362704923,.004001536067427435
33,16384,Rescaled_2.0,.15821290702392415,.15346879880219666,.362704923,.0020007680337137176
33,16384,Rescaled_4.0,.15821290702392415,.15346879880219666,.362704923,.0010003840168568588
33,16384,Rescaled_8.0,.15821846622041463,.15345842713181318,.362704923,.0005001920084284294
33,16384,ExactStein,.15299146321763432,.148935217551248,.909923881,4.46
33,16384,ImpulseStein,.15777448785808096,.1532850694924513,.753055609,.89
33,16384,OracleX,.15221447421763207,.15157926750081127,.362978211,.004001536067427435
33,16384,OracleZ,.1580286235930688,.15352297477736956,.350124691,.4135735286469698
33,16384,Ridge,.15806912839135417,.153501566564725,.018680867,.4135735286469698
33,32768,NaiveX,.15414831886816546,.15396693161329877,.002730725,0
33,32768,NaiveZ,.16024204078581905,.1557845110067898,.002736801,0
33,32768,FullInfo,.15798948849986363,.15797076429503365,.002727302,0
33,32768,MLE,.1288506531676908,.12372695928343268,.065363479,2.389459214024332
33,32768,MM,.15777573782872964,.15376068784590557,.003375499,2.600204586855511
33,32768,EmpBayesX,.1541542741398187,.15398572915974904,1.384995187,.006538990271146855
33,32768,Rescaled,.16024226840830766,.15578441108925242,1.384995187,.0032694951355734274
33,32768,Rescaled_0.125,.16023438285520936,.15578701308241844,1.384995187,.05231192216917484
33,32768,Rescaled_0.25,.16025388873659424,.15578673183810107,1.384995187,.02615596108458742
33,32768,Rescaled_1.0,.16024624566372647,.1557809745288572,1.384995187,.006538990271146855
33,32768,Rescaled_2.0,.16024226840830766,.15578441108925242,1.384995187,.0032694951355734274
33,32768,Rescaled_4.0,.16024204078581905,.1557845110067898,1.384995187,.0016347475677867137
33,32768,Rescaled_8.0,.16024204078581905,.1557845110067898,1.384995187,.0008173737838933568
33,32768,ExactStein,.15552218950956573,.15184698650203476,1.894467795,4.24
33,32768,ImpulseStein,.15621075349645103,.15241147315238918,1.579957759,3.72
33,32768,OracleX,.15413569484114803,.1540146793388134,1.347554252,.12471749344841924
33,32768,OracleZ,.1602366461577806,.1557919831350458,1.37985005,.053553534601597674
33,32768,Ridge,.16019564414511112,.15574359035785892,.035575474,.053553534601597674
33,65536,NaiveX,.15326144096709687,.1531606644662334,.005939373,0
33,65536,NaiveZ,.15942330260200033,.1550192880218088,.005994687,0
33,65536,FullInfo,.15725449642577108,.15710932615117146,.005968636,0
33,65536,MLE,.12824823555517617,.12297229246069113,.124028482,2.4031053782374463
33,65536,MM,.1567468381462645,.1529431282072602,.007739532,2.619160998557711
33,65536,EmpBayesX,.15334853787761127,.1531985733654174,5.458177259,.3978667065349658
33,65536,Rescaled,.15941442960219288,.15501323461569946,5.458177259,.1989333532674829
33,65536,Rescaled_0.125,.15599307958958925,.15219853635569194,5.458177259,3.1829336522797265
33,65536,Rescaled_0.25,.15824099582187576,.15418730557122476,5.458177259,1.5914668261398632
33,65536,Rescaled_1.0,.15935209545412635,.15501578218016476,5.458177259,.3978667065349658
33,65536,Rescaled_2.0,.15941442960219288,.15501323461569946,5.458177259,.1989333532674829
33,65536,Rescaled_4.0,.15943805975761174,.15500413052611173,5.458177259,.09946667663374145
33,65536,Rescaled_8.0,.1594241640886928,.1550178087792203,5.458177259,.049733338316870726
33,65536,ExactStein,.15534094039215351,.15160300622353645,4.118347033,3.71
33,65536,ImpulseStein,.15466414552053856,.1510742798815062,3.463570263,4.12
33,65536,OracleX,.15334583458230056,.15324059349360644,5.541771548,.11898645105262591
33,65536,OracleZ,.15939502314131104,.15503114882570646,5.368377082,.3206449916076455
33,65536,Ridge,.15936167914087337,.15501369078493876,.07059529,.3206449916076455
33,131072,NaiveX,.15394477691846611,.15403980811417073,.013136168,0
33,131072,NaiveZ,.16005163730686994,.15589180146380416,.01301199,0
33,131072,FullInfo,.15804397259423214,.15793107191094014,.013703349,0
33,131072,MLE,.1289408231253219,.12389101634600454,.250822189,2.3958044414359145
33,131072,MM,.15746773760506627,.15395575412985515,.015631736,2.606080230609523
33,131072,EmpBayesX,.1540596358431685,.15411666675199162,22.568082925,.30530556467270437
33,131072,Rescaled,.16004963801396138,.1559133947204031,22.568082925,.15265278233635218
33,131072,Rescaled_0.125,.15769863041068302,.15413124054236316,22.568082925,2.442444517381635
33,131072,Rescaled_0.25,.15926249683149152,.15545606384857508,22.568082925,1.2212222586908175
33,131072,Rescaled_1.0,.159984223484328,.155883775808985,22.568082925,.30530556467270437
33,131072,Rescaled_2.0,.16004963801396138,.1559133947204031,22.568082925,.15265278233635218
33,131072,Rescaled_4.0,.1600568603899349,.1559235188272258,22.568082925,.07632639116817609
33,131072,Rescaled_8.0,.16005235033106138,.15590962237869693,22.568082925,.038163195584088046
33,131072,ExactStein,.15603886086418683,.15262422197972772,8.76076874,3.68
33,131072,ImpulseStein,.15513647330440333,.15185405995839435,7.458508516,4.32
33,131072,OracleX,.15405852849976653,.1541181906778883,22.161805842,.3025695845312753
33,131072,OracleZ,.1600524424352744,.15593354500957085,22.424199195,.10610165005258135
33,131072,Ridge,.15993541477878376,.15587962979273629,.150830563,.10610165005258135
34,256,NaiveX,.15091823393787226,.15251399205879626,50286e-9,0
34,256,NaiveZ,.1564358575760516,.15417867480729192,21512e-9,0
34,256,FullInfo,.15349120098610303,.1571802290819365,19206e-9,0
34,256,MLE,.12007537313287517,.11716411245256911,575841e-9,2.221864773748754
34,256,MM,.15138237145165429,.15167495117814234,30172e-9,2.5569751660417093
34,256,EmpBayesX,.15207015907499163,.15297197104846577,135213e-9,.22636219236869812
34,256,Rescaled,.1564358575760516,.15417867480729192,135213e-9,.11318109618434906
34,256,Rescaled_0.125,.15528048229564773,.15396358494140022,135213e-9,1.810897538949585
34,256,Rescaled_0.25,.15594685417225682,.15421022483606606,135213e-9,.9054487694747925
34,256,Rescaled_1.0,.1564358575760516,.15417867480729192,135213e-9,.22636219236869812
34,256,Rescaled_2.0,.1564358575760516,.15417867480729192,135213e-9,.11318109618434906
34,256,Rescaled_4.0,.1564358575760516,.15417867480729192,135213e-9,.05659054809217453
34,256,Rescaled_8.0,.1564358575760516,.15417867480729192,135213e-9,.028295274046087265
34,256,ExactStein,.15132860954686564,.1516660404261876,.009319691,5
34,256,ImpulseStein,.15137535165882374,.15166908359568806,.008775278,3.96
34,256,OracleX,.15167332639982353,.15310758135630703,137378e-9,.6359182522208289
34,256,OracleZ,.15594685417225682,.15421022483606606,11461e-8,.7472044569010825
34,256,Ridge,.15576967529245378,.15402728405487376,452292e-9,.7472044569010825
34,512,NaiveX,.14070114374090076,.1393363108908608,35829e-9,0
34,512,NaiveZ,.14745524311437944,.14185940140310604,34012e-9,0
34,512,FullInfo,.14386914219864816,.14459661117087946,33174e-9,0
34,512,MLE,.11697966099841696,.11163421823715783,.001016819,2.452524547578644
34,512,MM,.14180883264155703,.13865296269921176,49098e-9,2.7406495834323152
34,512,EmpBayesX,.1417163284419662,.1393930780807378,384057e-9,1.0751082815107227
34,512,Rescaled,.14628974082124566,.14125295233069604,384057e-9,.5375541407553613
34,512,Rescaled_0.125,.13880965327389833,.1363832135678393,384057e-9,8.600866252085781
34,512,Rescaled_0.25,.1405568979671017,.13838338933051675,384057e-9,4.300433126042891
34,512,Rescaled_1.0,.1456558158764365,.14091141391128975,384057e-9,1.0751082815107227
34,512,Rescaled_2.0,.14628974082124566,.14125295233069604,384057e-9,.5375541407553613
34,512,Rescaled_4.0,.1463816322842701,.14143926946729768,384057e-9,.26877707037768067
34,512,Rescaled_8.0,.1468387448134021,.14199466360214902,384057e-9,.13438853518884034
34,512,ExactStein,.14637700631930858,.14134525932602748,.020555338,.44
34,512,ImpulseStein,.1435453883004097,.1395844087303557,.014014073,2.27
34,512,OracleX,.1410891719594244,.1395135465224144,386292e-9,.47772191155685095
34,512,OracleZ,.146886393608837,.14200048789540387,414718e-9,.015216624376134063
34,512,Ridge,.14628974082124566,.14125295233069604,700368e-9,.015216624376134063
34,1024,NaiveX,.13814214475941583,.13796671504109911,66419e-9,0
34,1024,NaiveZ,.14469693769883515,.1401079753901835,64743e-9,0
34,1024,FullInfo,.14229725428227313,.1425459958016587,64533e-9,0
34,1024,MLE,.11368758403168343,.10911196083565963,.003264801,2.528126310992707
34,1024,MM,.1404372990068052,.13784808989512695,94984e-9,2.8585113712183565
34,1024,EmpBayesX,.13910140782709193,.13752828603766645,.00145186,1.7066662259243732
34,1024,Rescaled,.14373789347908322,.13948382668596926,.00145186,.8533331129621866
34,1024,Rescaled_0.125,.1301026993438292,.12703537432706286,.00145186,13.653329807394986
34,1024,Rescaled_0.25,.13649918271084863,.13344360706636205,.00145186,6.826664903697493
34,1024,Rescaled_1.0,.14223751228976567,.13884926746937631,.00145186,1.7066662259243732
34,1024,Rescaled_2.0,.14373789347908322,.13948382668596926,.00145186,.8533331129621866
34,1024,Rescaled_4.0,.14417759072401207,.13978848197985233,.00145186,.4266665564810933
34,1024,Rescaled_8.0,.14441388030300273,.1398549471781378,.00145186,.21333327824054665
34,1024,ExactStein,.1389035680836545,.13651299245290593,.045059152,4.95
34,1024,ImpulseStein,.1389035680836545,.13651299245290593,.034879924,4.89
34,1024,OracleX,.13814214475941583,.13796671504109911,.001463943,0
34,1024,OracleZ,.1446727728029736,.14013607740731082,.00161452,.012164273737019773
34,1024,Ridge,.14400485445381322,.13958786207655366,.002238763,.012164273737019773
34,2048,NaiveX,.13732767070003185,.137896714789085,133327e-9,0
34,2048,NaiveZ,.14390492743026267,.13976504909094392,131022e-9,0
34,2048,FullInfo,.14196230787480235,.14230597562097486,131441e-9,0
34,2048,MLE,.1157903232515252,.11005117646236778,.003805722,2.5661636916845607
34,2048,MM,.14138807490849525,.13813203930641565,181796e-9,2.8840941648601173
34,2048,EmpBayesX,.13800990889287992,.13730868463236864,.005596033,1.2985526134866803
34,2048,Rescaled,.14357812414860371,.13939102152906457,.005596033,.6492763067433401
34,2048,Rescaled_0.125,.13337503897332814,.130686864382611,.005596033,10.388420907893442
34,2048,Rescaled_0.25,.1378130836300819,.13537050004102374,.005596033,5.194210453946721
34,2048,Rescaled_1.0,.1428946851399821,.13914017016523983,.005596033,1.2985526134866803
34,2048,Rescaled_2.0,.14357812414860371,.13939102152906457,.005596033,.6492763067433401
34,2048,Rescaled_4.0,.14388354704637155,.13977606452844193,.005596033,.32463815337167007
34,2048,Rescaled_8.0,.14402734469074494,.13973701906519967,.005596033,.16231907668583503
34,2048,ExactStein,.13935256260987527,.13665891370078231,.109042567,4.78
34,2048,ImpulseStein,.13935256260987525,.13665891370078231,.106674948,4.77
34,2048,OracleX,.13732767070003185,.137896714789085,.006346617,0
34,2048,OracleZ,.14385402178875117,.13979590548067755,.005468014,.22084298985232576
34,2048,Ridge,.14379541244938307,.13961778782714232,.002145105,.22084298985232576
34,4096,NaiveX,.14712140442848826,.14699675319711186,279994e-9,0
34,4096,NaiveZ,.1530727115126292,.14886906847395925,276991e-9,0
34,4096,FullInfo,.151027644292083,.15106178832312336,277549e-9,0
34,4096,MLE,.1215531684916715,.1166194347794595,.008323126,2.4643206928505172
34,4096,MM,.15062669908193976,.1469868678562854,374e-6,2.689871199137693
34,4096,EmpBayesX,.14721576940002862,.1466412598842068,.021820233,.8026860485123276
34,4096,Rescaled,.15291671335908696,.14876315026919978,.021820233,.4013430242561638
34,4096,Rescaled_0.125,.14597546545829765,.14308125131527882,.021820233,6.421488388098621
34,4096,Rescaled_0.25,.14989590477394493,.14651604399683762,.021820233,3.2107441940493104
34,4096,Rescaled_1.0,.152745262190786,.14853525810378992,.021820233,.8026860485123276
34,4096,Rescaled_2.0,.15291671335908696,.14876315026919978,.021820233,.4013430242561638
34,4096,Rescaled_4.0,.15304121315072497,.14881945017934556,.021820233,.2006715121280819
34,4096,Rescaled_8.0,.15306074535925823,.14884394057981298,.021820233,.10033575606404095
34,4096,ExactStein,.14921666232429853,.14601011893535418,.208403108,4.01
34,4096,ImpulseStein,.14940202012161974,.14622267129863897,.169581621,3.78
34,4096,OracleX,.14712140442848826,.14699675319711186,.021977865,0
34,4096,OracleZ,.15305660530359105,.14890192505171784,.022378195,.005104527352211777
34,4096,Ridge,.15291180783223454,.1487656501865486,.004851664,.005104527352211777
34,8192,NaiveX,.14814458899681476,.1482773735954687,598819e-9,0
34,8192,NaiveZ,.15466652300208988,.15010002841475395,5984e-7,0
34,8192,FullInfo,.15229986739186052,.15217335413924585,588552e-9,0
34,8192,MLE,.12380444583971484,.11924316304498023,.016274695,2.3974717902778013
34,8192,MM,.1517932759434132,.14811902946610064,772375e-9,2.6045759933322827
34,8192,EmpBayesX,.14842140453291275,.14817082068046122,.087310963,.5724042943394245
34,8192,Rescaled,.15458030468247302,.15000579259682806,.087310963,.28620214716971226
34,8192,Rescaled_0.125,.1492023390255896,.1459305954558721,.087310963,4.579234354715396
34,8192,Rescaled_0.25,.15235943843065475,.1486320114065914,.087310963,2.289617177357698
34,8192,Rescaled_1.0,.15450277959833775,.1500356689254707,.087310963,.5724042943394245
34,8192,Rescaled_2.0,.15458030468247302,.15000579259682806,.087310963,.28620214716971226
34,8192,Rescaled_4.0,.15466141023180655,.15009954597040231,.087310963,.14310107358485613
34,8192,Rescaled_8.0,.1546829855281413,.15005920530287953,.087310963,.07155053679242807
34,8192,ExactStein,.14884212269937933,.14559450244088104,.435917933,4.98
34,8192,ImpulseStein,.15062046037322507,.14705628434766854,.357753734,3.59
34,8192,OracleX,.1482085616951213,.14830901155031828,.087442545,.16187994872543499
34,8192,OracleZ,.15466336659811342,.15012249461725596,.08583822,.03279036311397148
34,8192,Ridge,.15459172593867804,.14997027997212686,.008826541,.03279036311397148
34,16384,NaiveX,.15206760915642664,.15191049072331764,.001283543,0
34,16384,NaiveZ,.15832705648189715,.15365531609258265,.00127167,0
34,16384,FullInfo,.1560110810364821,.15569949683900772,.001267899,0
34,16384,MLE,.12719105487043847,.12197684004684156,.031148375,2.3853455232498257
34,16384,MM,.155203167172672,.15133626506230088,.001643645,2.582936707176149
34,16384,EmpBayesX,.15210133658930325,.15191487425993225,.353522749,.01804154014814241
34,16384,Rescaled,.15827580164258567,.15365886352132663,.353522749,.009020770074071205
34,16384,Rescaled_0.125,.15828817431625408,.15365687222652802,.353522749,.14433232118513928
34,16384,Rescaled_0.25,.15823825615726358,.1536860940836507,.353522749,.07216616059256964
34,16384,Rescaled_1.0,.15825788146746714,.1536748760450511,.353522749,.01804154014814241
34,16384,Rescaled_2.0,.15827580164258567,.15365886352132663,.353522749,.009020770074071205
34,16384,Rescaled_4.0,.15831253197067177,.153655821195405,.353522749,.0045103850370356025
34,16384,Rescaled_8.0,.1583166525518306,.15365814901340952,.353522749,.0022551925185178012
34,16384,ExactStein,.1534138910303114,.14978988345730365,.919635102,3.98
34,16384,ImpulseStein,.15295386439692255,.14942247713675805,.762189871,4.2
34,16384,OracleX,.15208407367678128,.1519223917661734,.351739281,.007504995815850942
34,16384,OracleZ,.15822909432958565,.15371588366933855,.350061066,.040634467562414574
34,16384,Ridge,.158219526321611,.15357933275929542,.017684232,.040634467562414574
34,32768,NaiveX,.15372535869658155,.15404234380796644,.00273736,0
34,32768,NaiveZ,.16000778332880772,.1560675885848063,.002698318,0
34,32768,FullInfo,.157833405041773,.15797076429503365,.003312153,0
34,32768,MLE,.12818915249096352,.12346895741325442,.062304012,2.3900183987643304
34,32768,MM,.15711147615829113,.15389307778348882,.003402178,2.5985632055044423
34,32768,EmpBayesX,.15385319603526754,.15411875522824756,1.365281856,.29550940529726427
34,32768,Rescaled,.15999982049543,.15603549463595062,1.365281856,.14775470264863214
34,32768,Rescaled_0.125,.15748095763093894,.15413272038182696,1.365281856,2.364075242378114
34,32768,Rescaled_0.25,.15921205868361119,.15550052328552588,1.365281856,1.182037621189057
34,32768,Rescaled_1.0,.15997363216367694,.1560252937901226,1.365281856,.29550940529726427
34,32768,Rescaled_2.0,.15999982049543,.15603549463595062,1.365281856,.14775470264863214
34,32768,Rescaled_4.0,.15997142568164813,.15607215773688293,1.365281856,.07387735132431607
34,32768,Rescaled_8.0,.15997557565096962,.15605905415824634,1.365281856,.036938675662158034
34,32768,ExactStein,.15561831533485188,.15254375485724267,1.89725998,3.83
34,32768,ImpulseStein,.1556024855358575,.15252887135047688,1.58376788,3.84
34,32768,OracleX,.15382906782225522,.1541453278889781,1.361521253,.257836774882616
34,32768,OracleZ,.15997142568164813,.15607215773688293,1.382078196,.07315487447360104
34,32768,Ridge,.1599380553207339,.155995843820814,.03570049,.07315487447360104
34,65536,NaiveX,.15313458899745377,.15318375129188413,.005959417,0
34,65536,NaiveZ,.15906535152736684,.15504884578841693,.00598442,0
34,65536,FullInfo,.15695878852348377,.15710932615117146,.005959557,0
34,65536,MLE,.12784290716907942,.12313209490185224,.154932411,2.4024786029392
34,65536,MM,.15650391109473807,.15300276010740235,.007733106,2.616301904373739
34,65536,EmpBayesX,.15322542575748221,.15328385754504004,5.525756313,.2982555673719366
34,65536,Rescaled,.1590894029836694,.1550668176179304,5.525756313,.1491277836859683
34,65536,Rescaled_0.125,.15683958993846697,.15329872993390126,5.525756313,2.3860445389754927
34,65536,Rescaled_0.25,.15838738086168458,.15454687389190597,5.525756313,1.1930222694877464
34,65536,Rescaled_1.0,.1590821845869027,.15507180862276734,5.525756313,.2982555673719366
34,65536,Rescaled_2.0,.1590894029836694,.1550668176179304,5.525756313,.1491277836859683
34,65536,Rescaled_4.0,.15906844197193332,.15505929474186148,5.525756313,.07456389184298415
34,65536,Rescaled_8.0,.15905572777467103,.15505227902768143,5.525756313,.037281945921492074
34,65536,ExactStein,.1551206747367488,.15179605501251192,4.111534644,3.68
34,65536,ImpulseStein,.15442224366702428,.15120882276931602,3.455600674,4.11
34,65536,OracleX,.15321063806478866,.15328734730008248,5.48551181,.2948373541922489
34,65536,OracleZ,.15907254709505983,.15507872317398502,5.469125438,.31727157649069454
34,65536,Ridge,.15902315096913794,.15505877929686857,.07187178,.31727157649069454
34,131072,NaiveX,.15385023047817997,.1540221858919183,.013061019,0
34,131072,NaiveZ,.15975578881046923,.15597541802449308,.013289749,0
34,131072,FullInfo,.15774883640476167,.15793107191094014,.013659907,0
34,131072,MLE,.12863686421643106,.12409458230802417,.282579789,2.396329334727859
34,131072,MM,.1573083467428939,.153971001617097,.015745927,2.6058751400359497
34,131072,EmpBayesX,.15393135350215473,.15410814571167752,22.589976142,.2819695414627573
34,131072,Rescaled,.1597531394823959,.15600152573698423,22.589976142,.14098477073137866
34,131072,Rescaled_0.125,.15778556293168353,.1543882032677356,22.589976142,2.2557563317020586
34,131072,Rescaled_0.25,.15912653502403826,.1555081340804939,22.589976142,1.1278781658510293
34,131072,Rescaled_1.0,.15971771061890117,.15598230015495904,22.589976142,.2819695414627573
34,131072,Rescaled_2.0,.1597531394823959,.15600152573698423,22.589976142,.14098477073137866
34,131072,Rescaled_4.0,.159773149741869,.1559975261961727,22.589976142,.07049238536568933
34,131072,Rescaled_8.0,.15975627017760724,.1559816921023366,22.589976142,.035246192682844665
34,131072,ExactStein,.15600661415754183,.15279012032769898,8.81691785,3.64
34,131072,ImpulseStein,.15524766008848523,.15211961797404722,7.540416348,4.11
34,131072,OracleX,.15393135350215473,.15410814571167752,22.537476868,.2819695414627573
34,131072,OracleZ,.1597594093333723,.15600849766390337,22.042301818,.12560847963376012
34,131072,Ridge,.1596760735403705,.15596499072765874,.150066779,.12560847963376012
35,256,NaiveX,.1501305582601729,.1536241636815579,53009e-9,0
35,256,NaiveZ,.15978573199585755,.1547598454719597,21302e-9,0
35,256,FullInfo,.15635878467683953,.1571802290819365,19835e-9,0
35,256,MLE,.1249016065263266,.11307961813230359,577588e-9,2.1744568165198856
35,256,MM,.15836011038816653,.15199629803594616,3101e-8,2.480868731534532
35,256,EmpBayesX,.15041211010322128,.1499975555463272,115797e-9,5.681190782561936
35,256,Rescaled,.15836011038816653,.15199629803594616,115797e-9,2.840595391280968
35,256,Rescaled_0.125,.1339950097848818,.13160262162206665,115797e-9,45.44952626049549
35,256,Rescaled_0.25,.1475281129478677,.1435867610561676,115797e-9,22.724763130247744
35,256,Rescaled_1.0,.15520694714223668,.1496986693563086,115797e-9,5.681190782561936
35,256,Rescaled_2.0,.15836011038816653,.15199629803594616,115797e-9,2.840595391280968
35,256,Rescaled_4.0,.16069439255028278,.1536471010047055,115797e-9,1.420297695640484
35,256,Rescaled_8.0,.16015162962236681,.1544484442315481,115797e-9,.710148847820242
35,256,ExactStein,.15520694714223668,.1496986693563086,.009636002,5
35,256,ImpulseStein,.16012954078539576,.15356398943076188,.008803633,1.83
35,256,OracleX,.1490943927663267,.1536346169947422,116286e-9,.9685866859259908
35,256,OracleZ,.16025906816080054,.15478831741111748,121385e-9,.5488186168159497
35,256,Ridge,.16026451693059812,.15470249074836812,441956e-9,.5488186168159497
35,512,NaiveX,.13635498995446543,.13913743321538158,34921e-9,0
35,512,NaiveZ,.14525392276411273,.14014675816574967,33663e-9,0
35,512,FullInfo,.14127850827841684,.14459661117087946,32965e-9,0
35,512,MLE,.11681880062201742,.10889274457188802,.001019612,2.4112342362266515
35,512,MM,.1406274017495071,.138318719293939,49588e-9,2.663257068796802
35,512,EmpBayesX,.1363766848669948,.13927627537904075,442933e-9,.0625333947961277
35,512,Rescaled,.14525392276411273,.14014675816574967,442933e-9,.03126669739806385
35,512,Rescaled_0.125,.1455626949999175,.1404559469371825,442933e-9,.5002671583690216
35,512,Rescaled_0.25,.1449065707592837,.1407081366019713,442933e-9,.2501335791845108
35,512,Rescaled_1.0,.14501754698081853,.14068636339356355,442933e-9,.0625333947961277
35,512,Rescaled_2.0,.14525392276411273,.14014675816574967,442933e-9,.03126669739806385
35,512,Rescaled_4.0,.14525392276411273,.14014675816574967,442933e-9,.015633348699031924
35,512,Rescaled_8.0,.14525392276411273,.14014675816574967,442933e-9,.007816674349515962
35,512,ExactStein,.14495049596886744,.14065760581126538,.019112766,.22
35,512,ImpulseStein,.1394657664839229,.13742714217533702,.015543387,3.55
35,512,OracleX,.1363766848669948,.13927627537904075,446355e-9,.0625333947961277
35,512,OracleZ,.1449465689314517,.1415743039717183,419327e-9,.7847405968280999
35,512,Ridge,.1450042513172317,.1407878307233237,695339e-9,.7847405968280999
35,1024,NaiveX,.1363461988338496,.1375251483875429,66209e-9,0
35,1024,NaiveZ,.14492486636574264,.13960225899224687,65441e-9,0
35,1024,FullInfo,.14132880549290244,.1425459958016587,66489e-9,0
35,1024,MLE,.11405217254884129,.10701945079763453,.001956394,2.493448394423884
35,1024,MM,.14102009854349395,.13788096115624507,94565e-9,2.7755122691981193
35,1024,EmpBayesX,.1370822938781452,.13753146725608664,.001518978,.8898910726223694
35,1024,Rescaled,.14466332062181492,.1395865438945932,.001518978,.4449455363111847
35,1024,Rescaled_0.125,.13524126264822256,.1313653433730621,.001518978,7.1191285809789555
35,1024,Rescaled_0.25,.14015160032240895,.13705803525257784,.001518978,3.5595642904894778
35,1024,Rescaled_1.0,.14430642206462824,.13967349615605215,.001518978,.8898910726223694
35,1024,Rescaled_2.0,.14466332062181492,.1395865438945932,.001518978,.4449455363111847
35,1024,Rescaled_4.0,.14447781197668463,.13973215795001115,.001518978,.22247276815559236
35,1024,Rescaled_8.0,.14478896940520808,.1395772422573701,.001518978,.11123638407779618
35,1024,ExactStein,.13901931040753554,.13565453948563708,.046882777,5
35,1024,ImpulseStein,.13901931040753554,.13565453948563708,.035710827,5
35,1024,OracleX,.13628858620322692,.1375342018703285,.001528965,.0786600398440985
35,1024,OracleZ,.14456751297910664,.1400795083937035,.001524984,.5177306556570779
35,1024,Ridge,.1446022052122436,.13972579828597032,.001158946,.5177306556570779
35,2048,NaiveX,.13598363436903863,.13705650463659358,135771e-9,0
35,2048,NaiveZ,.14438804630204574,.13983277233036684,132908e-9,0
35,2048,FullInfo,.14217227792813608,.14230597562097486,131302e-9,0
35,2048,MLE,.11465281337689821,.11027690066468517,.004846147,2.555134174056995
35,2048,MM,.1407474429787066,.13821580685504384,182286e-9,2.869408707620808
35,2048,EmpBayesX,.1369207317911148,.1375933721635276,.005618312,1.44119186105512
35,2048,Rescaled,.1438180867868857,.13997533205822932,.005618312,.72059593052756
35,2048,Rescaled_0.125,.13045935415542764,.12878706057952496,.005618312,11.52953488844096
35,2048,Rescaled_0.25,.1378438081393275,.13514101729904654,.005618312,5.76476744422048
35,2048,Rescaled_1.0,.1427674056946696,.13935578607895052,.005618312,1.44119186105512
35,2048,Rescaled_2.0,.1438180867868857,.13997533205822932,.005618312,.72059593052756
35,2048,Rescaled_4.0,.14433860905575346,.14002392949598888,.005618312,.36029796526378
35,2048,Rescaled_8.0,.14441224506149808,.13991570062355538,.005618312,.18014898263189
35,2048,ExactStein,.1384310632205114,.13564201333619172,.100540089,5
35,2048,ImpulseStein,.1384310632205114,.13564201333619175,.080349603,4.97
35,2048,OracleX,.1368977435201575,.1376018610057383,.005624807,1.2722234713282494
35,2048,OracleZ,.14415073935574585,.1401146191888126,.006376439,.4799667385921557
35,2048,Ridge,.14424117396145125,.13998801936052516,.002128692,.4799667385921557
35,4096,NaiveX,.14786921979973675,.14659869408369497,283835e-9,0
35,4096,NaiveZ,.15450167798421155,.14928825328114412,276432e-9,0
35,4096,FullInfo,.152453159940879,.15106178832312336,277339e-9,0
35,4096,MLE,.12240713277623677,.1166317683139137,.008379557,2.449570997743524
35,4096,MM,.15158446390641572,.1475549291333049,375047e-9,2.663440574045964
35,4096,EmpBayesX,.14825926095408296,.14695260800212778,.023172849,.5442424303436845
35,4096,Rescaled,.15448245116886636,.14918440605963684,.023172849,.27212121517184223
35,4096,Rescaled_0.125,.14922726415072568,.1455175781308583,.023172849,4.353939442749476
35,4096,Rescaled_0.25,.1522283851814214,.14798885082345908,.023172849,2.176969721374738
35,4096,Rescaled_1.0,.15420404155836653,.14918255021312057,.023172849,.5442424303436845
35,4096,Rescaled_2.0,.15448245116886636,.14918440605963684,.023172849,.27212121517184223
35,4096,Rescaled_4.0,.15449011014270198,.14925645270959792,.023172849,.13606060758592112
35,4096,Rescaled_8.0,.1544713262714855,.14927902399594664,.023172849,.06803030379296056
35,4096,ExactStein,.1510211866982376,.14724186175030637,.209954701,3.17
35,4096,ImpulseStein,.1510211866982376,.14724186175030637,.171076783,3.13
35,4096,OracleX,.14825926095408296,.14695260800212778,.023760773,.5442424303436845
35,4096,OracleZ,.15440942150800374,.14933076803913548,.023897662,.09146668660726495
35,4096,Ridge,.15453487000437105,.14916034538370046,.005050013,.09146668660726495
35,8192,NaiveX,.1494964925804174,.14810266007538905,592044e-9,0
35,8192,NaiveZ,.15567894810255548,.150027777004461,591486e-9,0
35,8192,FullInfo,.15306855264600258,.15217335413924585,590159e-9,0
35,8192,MLE,.12590457407283054,.11921525303961467,.016559927,2.380071130174684
35,8192,MM,.1523734791926715,.14836628074832406,764552e-9,2.572362958616978
35,8192,EmpBayesX,.14972208092322659,.1482607882480278,.09340671,.1218094986766913
35,8192,Rescaled,.15569634967891627,.1500549399589866,.09340671,.06090474933834565
35,8192,Rescaled_0.125,.1547140290545579,.14989570248265627,.09340671,.9744759894135304
35,8192,Rescaled_0.25,.15536456533596468,.15016858002635466,.09340671,.4872379947067652
35,8192,Rescaled_1.0,.1556646295219491,.15013831167416652,.09340671,.1218094986766913
35,8192,Rescaled_2.0,.15569634967891627,.1500549399589866,.09340671,.06090474933834565
35,8192,Rescaled_4.0,.15570142155108435,.15005824263604525,.09340671,.030452374669172826
35,8192,Rescaled_8.0,.15568023695958894,.15006101604480832,.09340671,.015226187334586413
35,8192,ExactStein,.1503744912686881,.14656852186094005,.437678283,4.25
35,8192,ImpulseStein,.15564573918860922,.15021304175056155,.359502908,.18
35,8192,OracleX,.14966669236053548,.1483153687067515,.094949993,.14806095086439527
35,8192,OracleZ,.15559334634095012,.150275079532541,.089330564,.20622831723574225
35,8192,Ridge,.15557885965763052,.15022536333722927,.009164852,.20622831723574225
35,16384,NaiveX,.15279630372284808,.15195693573570151,.001284731,0
35,16384,NaiveZ,.1587465033186867,.1535750711027496,.001275441,0
35,16384,FullInfo,.15624678428874872,.15569949683900772,.001286127,0
35,16384,MLE,.12829364951371403,.12210383704916096,.032171619,2.3757072569179587
35,16384,MM,.1556622202745796,.15135140476519765,.00161061,2.568225962642941
35,16384,EmpBayesX,.1528509149490495,.1519484903992512,.367277292,.5053083147062913
35,16384,Rescaled,.15869725867172357,.15372876150353598,.367277292,.25265415735314567
35,16384,Rescaled_0.125,.15356959431347725,.14957071781962888,.367277292,4.042466517650331
35,16384,Rescaled_0.25,.15642991046536703,.15208431142178597,.367277292,2.0212332588251654
35,16384,Rescaled_1.0,.15852651975519827,.1536952979590252,.367277292,.5053083147062913
35,16384,Rescaled_2.0,.15869725867172357,.15372876150353598,.367277292,.25265415735314567
35,16384,Rescaled_4.0,.15877157775259998,.1536640097179918,.367277292,.12632707867657283
35,16384,Rescaled_8.0,.15873904633036162,.15364245109409017,.367277292,.06316353933828642
35,16384,ExactStein,.1533580918437433,.14935538313306035,.919922918,4.29
35,16384,ImpulseStein,.15818443288451062,.15342895504338447,.759323235,.83
35,16384,OracleX,.15275403167632265,.1519782492879249,.362914306,.33899382765353486
35,16384,OracleZ,.1586311191382632,.15377599196107514,.348570723,.37491035541662143
35,16384,Ridge,.15862153230314752,.153745862326836,.018107749,.37491035541662143
35,32768,NaiveX,.15449013323076072,.15416322923428682,.002728141,0
35,32768,NaiveZ,.16016549474183428,.1557962196702526,.002711867,0
35,32768,FullInfo,.15777889293018466,.15797076429503365,.002734706,0
35,32768,MLE,.12897483830292317,.12373962234109154,.064499194,2.384511391705544
35,32768,MM,.15744667930247516,.1539034978426388,.003413493,2.590007928297772
35,32768,EmpBayesX,.15464044496869622,.1542703449821957,1.423073633,.09017055539727825
35,32768,Rescaled,.1601863350323992,.15581850086190702,1.423073633,.045085277698639126
35,32768,Rescaled_0.125,.1598499903119066,.1557735279657426,1.423073633,.721364443178226
35,32768,Rescaled_0.25,.16009943974296598,.1559375770097129,1.423073633,.360682221589113
35,32768,Rescaled_1.0,.16019099538243423,.15586589144524407,1.423073633,.09017055539727825
35,32768,Rescaled_2.0,.1601863350323992,.15581850086190702,1.423073633,.045085277698639126
35,32768,Rescaled_4.0,.1601675408555652,.15580484901270533,1.423073633,.022542638849319563
35,32768,Rescaled_8.0,.16017448735419482,.15580854600187694,1.423073633,.011271319424659781
35,32768,ExactStein,.15574818392782908,.1523523316090986,1.898303199,3.85
35,32768,ImpulseStein,.15588647358041335,.1525131253105766,1.584182458,3.69
35,32768,OracleX,.15464044496869622,.1542703449821957,1.383034602,.09017055539727825
35,32768,OracleZ,.16009913993387828,.15593785405327076,1.397637856,.36697166362422384
35,32768,Ridge,.160095984075592,.15593324192072594,.035027918,.36697166362422384
35,65536,NaiveX,.15327372167747877,.1531967928834828,.005917512,0
35,65536,NaiveZ,.15923087397487784,.15504386646516857,.005965912,0
35,65536,FullInfo,.15694824957566966,.15710932615117146,.006514795,0
35,65536,MLE,.1282325247780703,.1229371954017352,.123914571,2.399273791312876
35,65536,MM,.15651144965369712,.15300845417761288,.007263214,2.611155487805835
35,65536,EmpBayesX,.15344471315940852,.15335304296033042,5.571952271,.3012025435278221
35,65536,Rescaled,.15920843007166396,.15513037248110356,5.571952271,.15060127176391105
35,65536,Rescaled_0.125,.15677798343521915,.15324742531255492,5.571952271,2.409620348222577
35,65536,Rescaled_0.25,.1583420041643525,.15461634791136392,5.571952271,1.2048101741112884
35,65536,Rescaled_1.0,.15915079684976274,.15511491474946382,5.571952271,.3012025435278221
35,65536,Rescaled_2.0,.15920843007166396,.15513037248110356,5.571952271,.15060127176391105
35,65536,Rescaled_4.0,.1592294189600667,.15508384868607453,5.571952271,.07530063588195553
35,65536,Rescaled_8.0,.15921805356078728,.15506375049868554,5.571952271,.037650317940977764
35,65536,ExactStein,.15405806738033276,.1507716062361784,4.123863517,4.41
35,65536,ImpulseStein,.15564110811812742,.15227602386592703,3.469072778,3.19
35,65536,OracleX,.15343459943922463,.15336246990394553,5.602464322,.42653109888729224
35,65536,OracleZ,.15920100695187286,.15513526372196668,5.473620354,.13377831651165534
35,65536,Ridge,.15909680302927787,.1550969784949761,.071345805,.13377831651165534
35,131072,NaiveX,.15398109427135998,.15401064008572746,.013090631,0
35,131072,NaiveZ,.1598770553656187,.1559032135483927,.013164244,0
35,131072,FullInfo,.15776448157747724,.15793107191094014,.013139241,0
35,131072,MLE,.1287646515077338,.1237899010460661,.251816659,2.3945620940615946
35,131072,MM,.1573094208689373,.15396050568739567,.01580194,2.604199793598326
35,131072,EmpBayesX,.15411466905093624,.15411824556783632,22.742736629,.29535915004383173
35,131072,Rescaled,.1598787888330454,.1559657121298223,22.742736629,.14767957502191587
35,131072,Rescaled_0.125,.1575994168221161,.15422224329009687,22.742736629,2.362873200350654
35,131072,Rescaled_0.25,.15907374384303474,.15550137329644917,22.742736629,1.181436600175327
35,131072,Rescaled_1.0,.15982127036200872,.15594755868635563,22.742736629,.29535915004383173
35,131072,Rescaled_2.0,.1598787888330454,.1559657121298223,22.742736629,.14767957502191587
35,131072,Rescaled_4.0,.15987441563609617,.15594129865761658,22.742736629,.07383978751095793
35,131072,Rescaled_8.0,.15987450006192014,.15591919092127635,22.742736629,.036919893755478966
35,131072,ExactStein,.15553132753570048,.15238400319887532,8.856589515,3.84
35,131072,ImpulseStein,.15569473811334794,.1525457497962191,7.508592538,3.7
35,131072,OracleX,.15411145224986492,.1541194162689012,22.670936298,.2978511599233608
35,131072,OracleZ,.15986151197838613,.155974944404059,22.840678135,.22884229777921583
35,131072,Ridge,.1597738014550823,.15593599509219797,.149440442,.22884229777921583
